1.000000000000000000e+07 1.801214293984204673e+01
1.011591112223829702e+07 1.800321300799626556e+01
1.023316578330244869e+07 1.799428246461857839e+01
1.035177955630176328e+07 1.798535130862330078e+01
1.047176819485520199e+07 1.797641953892276234e+01
1.059314763518369943e+07 1.796748715442734223e+01
1.071593399822671153e+07 1.795855415404543720e+01
1.084014359178330936e+07 1.794962053668350421e+01
1.096579291267809831e+07 1.794068630124606400e+01
1.109289864895222709e+07 1.793175144663567977e+01
1.122147768207980320e+07 1.792281597175303531e+01
1.135154708920999058e+07 1.791387987549687821e+01
1.148312414543511160e+07 1.790494315676404469e+01
1.161622632608501799e+07 1.789600581444949867e+01
1.175087130904807523e+07 1.788706784744631761e+01
1.188707697711903229e+07 1.787812925464569602e+01
1.202486142037412338e+07 1.786919003493699520e+01
1.216424293857367896e+07 1.786025018720768287e+01
1.230524004359261505e+07 1.785130971034343261e+01
1.244787146187906154e+07 1.784236860322805285e+01
1.259215613694150932e+07 1.783342686474354721e+01
1.273811323186478391e+07 1.782448449377010746e+01
1.288576213185518049e+07 1.781554148918613478e+01
1.303512244681508839e+07 1.780659784986821137e+01
1.318621401394748501e+07 1.779765357469118925e+01
1.333905690039058775e+07 1.778870866252812633e+01
1.349367140588306449e+07 1.777976311225031480e+01
1.365007806546013802e+07 1.777081692272732383e+01
1.380829765218092315e+07 1.776187009282698170e+01
1.396835117988739721e+07 1.775292262141539723e+01
1.413025990599533729e+07 1.774397450735695614e+01
1.429404533431760967e+07 1.773502574951436017e+01
1.445972921792019531e+07 1.772607634674860222e+01
1.462733356201129965e+07 1.771712629791901961e+01
1.479688062686396390e+07 1.770817560188327278e+01
1.496839293077255599e+07 1.769922425749736661e+01
1.514189325304351933e+07 1.769027226361566818e+01
1.531740463702079840e+07 1.768131961909090677e+01
1.549495039314631559e+07 1.767236632277419517e+01
1.567455410205595009e+07 1.766341237351504390e+01
1.585623961771137081e+07 1.765445777016136120e+01
1.604003107056820020e+07 1.764550251155947080e+01
1.622595287078087218e+07 1.763654659655412971e+01
1.641402971144466475e+07 1.762759002398853525e+01
1.660428657187529653e+07 1.761863279270433225e+01
1.679674872092653066e+07 1.760967490154163073e+01
1.699144172034626082e+07 1.760071634933902018e+01
1.718839142817145586e+07 1.759175713493358018e+01
1.738762400216250494e+07 1.758279725716090525e+01
1.758916590327732638e+07 1.757383671485506937e+01
1.779304389918577299e+07 1.756487550684871124e+01
1.799928506782476604e+07 1.755591363197298804e+01
1.820791680099462345e+07 1.754695108905760748e+01
1.841896680799710751e+07 1.753798787693086680e+01
1.863246311931559816e+07 1.752902399441961023e+01
1.884843409033795446e+07 1.752005944034929641e+01
1.906690840512251854e+07 1.751109421354398421e+01
1.928791508020777628e+07 1.750212831282633630e+01
1.951148346846616268e+07 1.749316173701766886e+01
1.973764326300255582e+07 1.748419448493792316e+01
1.996642450109793246e+07 1.747522655540570113e+01
2.019785756819878519e+07 1.746625794723829017e+01
2.043197320195270330e+07 1.745728865925164186e+01
2.066880249629082158e+07 1.744831869026042526e+01
2.090837690555749834e+07 1.743934803907801623e+01
2.115072824868794531e+07 1.743037670451649745e+01
2.139588871343421564e+07 1.742140468538672238e+01
2.164389086064020172e+07 1.741243198049826901e+01
2.189476762856620550e+07 1.740345858865951101e+01
2.214855233726359159e+07 1.739448450867757856e+01
2.240527869300018251e+07 1.738550973935840815e+01
2.266498079273692891e+07 1.737653427950675677e+01
2.292769312865648791e+07 1.736755812792618059e+01
2.319345059274427593e+07 1.735858128341910600e+01
2.346228848142262548e+07 1.734960374478678702e+01
2.373424250023866072e+07 1.734062551082935144e+01
2.400934876860651746e+07 1.733164658034582928e+01
2.428764382460450381e+07 1.732266695213412078e+01
2.456916462982790172e+07 1.731368662499104261e+01
2.485394857429798320e+07 1.730470559771236339e+01
2.514203348142796755e+07 1.729572386909276815e+01
2.543345761304648221e+07 1.728674143792589746e+01
2.572825967447932065e+07 1.727775830300438997e+01
2.602647881969004497e+07 1.726877446311983988e+01
2.632815465648020059e+07 1.725978991706287857e+01
2.663332725174980611e+07 1.725080466362311782e+01
2.694203713681882247e+07 1.724181870158923502e+01
2.725432531281027943e+07 1.723283202974894124e+01
2.757023325609582663e+07 1.722384464688900607e+01
2.788980292380439490e+07 1.721485655179531093e+01
2.821307675939470902e+07 1.720586774325277801e+01
2.854009769829237461e+07 1.719687822004550526e+01
2.887090917359234765e+07 1.718788798095666692e+01
2.920555512182744965e+07 1.717889702476862368e+01
2.954407998880380020e+07 1.716990535026285869e+01
2.988652873550382629e+07 1.716091295622005930e+01
3.023294684405776486e+07 1.715191984142009218e+01
3.058338032378431782e+07 1.714292600464203176e+01
3.093787571730136871e+07 1.713393144466419926e+01
3.129648010670750588e+07 1.712493616026412724e+01
3.165924111983520538e+07 1.711594015021861637e+01
3.202620693657650054e+07 1.710694341330376744e+01
3.239742629528195411e+07 1.709794594829494585e+01
3.277294849923381954e+07 1.708894775396684551e+01
3.315282342319423333e+07 1.707994882909346046e+01
3.353710152002928779e+07 1.707094917244815946e+01
3.392583382740991563e+07 1.706194878280364335e+01
3.431907197459042817e+07 1.705294765893202324e+01
3.471686818926559389e+07 1.704394579960477074e+01
3.511927530450727791e+07 1.703494320359279257e+01
3.552634676578139514e+07 1.702593986966642348e+01
3.593813663804625720e+07 1.701693579659544042e+01
3.635469961293318123e+07 1.700793098314908036e+01
3.677609101601030678e+07 1.699892542809607932e+01
3.720236681413065642e+07 1.698991913020466171e+01
3.763358362286532670e+07 1.698091208824257592e+01
3.806979871402283758e+07 1.697190430097710490e+01
3.851107002325569093e+07 1.696289576717508751e+01
3.895745615775500983e+07 1.695388648560294698e+01
3.940901640403447300e+07 1.694487645502666950e+01
3.986581073580438644e+07 1.693586567421188249e+01
4.032789982193705440e+07 1.692685414192382609e+01
4.079534503452448547e+07 1.691784185692739229e+01
4.126820845702952147e+07 1.690882881798713200e+01
4.174655289253135026e+07 1.689981502386729417e+01
4.223044187206672132e+07 1.689080047333180801e+01
4.271993966306776553e+07 1.688178516514435401e+01
4.321511127789761871e+07 1.687276909806833203e+01
4.371602248248501867e+07 1.686375227086691453e+01
4.422273980505897105e+07 1.685473468230303951e+01
4.473533054498463124e+07 1.684571633113946021e+01
4.525386278170166910e+07 1.683669721613874515e+01
4.577840538376616687e+07 1.682767733606328164e+01
4.630902801799736917e+07 1.681865668967534333e+01
4.684580115873045474e+07 1.680963527573705463e+01
4.738879609717650712e+07 1.680061309301046180e+01
4.793808495089107007e+07 1.679159014025750096e+01
4.849374067335233092e+07 1.678256641624005852e+01
4.905583706365045160e+07 1.677354191971998176e+01
4.962444877628913522e+07 1.676451664945908249e+01
5.019965133110079169e+07 1.675549060421918668e+01
5.078152112327670306e+07 1.674646378276211678e+01
5.137013543351338804e+07 1.673743618384974141e+01
5.196557243827657402e+07 1.672840780624399315e+01
5.256791122018419206e+07 1.671937864870687562e+01
5.317723177850966901e+07 1.671034871000048838e+01
5.379361503980697691e+07 1.670131798888706598e+01
5.441714286865887791e+07 1.669228648412896376e+01
5.504789807854967564e+07 1.668325419448871827e+01
5.568596444286409020e+07 1.667422111872902946e+01
5.633142670601351559e+07 1.666518725561281755e+01
5.698437059469135851e+07 1.665615260390321595e+01
5.764488282925873250e+07 1.664711716236361028e+01
5.831305113526218385e+07 1.663808092975765263e+01
5.898896425508493185e+07 1.662904390484928641e+01
5.967271195973310620e+07 1.662000608640277122e+01
6.036438506075863540e+07 1.661096747318267930e+01
6.106407542232036591e+07 1.660192806395396303e+01
6.177187597338487953e+07 1.659288785748192296e+01
6.248788072006887943e+07 1.658384685253229307e+01
6.321218475812448561e+07 1.657480504787119457e+01
6.394488428556936979e+07 1.656576244226520700e+01
6.468607661546320468e+07 1.655671903448137527e+01
6.543586018883229047e+07 1.654767482328722039e+01
6.619433458774387836e+07 1.653862980745079980e+01
6.696160054853215069e+07 1.652958398574066479e+01
6.773775997517745197e+07 1.652053735692594927e+01
6.852291595284056664e+07 1.651148991977636626e+01
6.931717276155400276e+07 1.650244167306220788e+01
7.012063589007176459e+07 1.649339261555440217e+01
7.093341204987989366e+07 1.648434274602453442e+01
7.175560918936921656e+07 1.647529206324484008e+01
7.258733650817245245e+07 1.646624056598825092e+01
7.342870447166757286e+07 1.645718825302843413e+01
7.427982482564911246e+07 1.644813512313976744e+01
7.514081061116962135e+07 1.643908117509742794e+01
7.601177617955322564e+07 1.643002640767733524e+01
7.689283720758305490e+07 1.642097081965625449e+01
7.778411071286481619e+07 1.641191440981178218e+01
7.868571506936843693e+07 1.640285717692234613e+01
7.959777002314977348e+07 1.639379911976728721e+01
8.052039670825469494e+07 1.638474023712684158e+01
8.145371766280737519e+07 1.637568052778216909e+01
8.239785684528511763e+07 1.636661999051539595e+01
8.335293965098187327e+07 1.635755862410961825e+01
8.431909292866250873e+07 1.634849642734894815e+01
8.529644499741016328e+07 1.633943339901850678e+01
8.628512566366887093e+07 1.633036953790449886e+01
8.728526623848371208e+07 1.632130484279417715e+01
8.829699955494083464e+07 1.631223931247590997e+01
8.932045998580959439e+07 1.630317294573919895e+01
9.035578346138921380e+07 1.629410574137469681e+01
9.140310748756222427e+07 1.628503769817421443e+01
9.246257116405732930e+07 1.627596881493080971e+01
9.353431520292377472e+07 1.626689909043872717e+01
9.461848194721992314e+07 1.625782852349347962e+01
9.571521538991855085e+07 1.624875711289186953e+01
9.682466119303114712e+07 1.623968485743201384e+01
9.794696670695385337e+07 1.623061175591332983e+01
9.908228099003787339e+07 1.622153780713661320e+01
1.002307548283864409e+08 1.621246300990404166e+01
1.013925407558814287e+08 1.620338736301921756e+01
1.025677930744420886e+08 1.619431086528712882e+01
1.037566678745184839e+08 1.618523351551430167e+01
1.049593230558226556e+08 1.617615531250867988e+01
1.061759183482999057e+08 1.616707625507977397e+01
1.074066153333432376e+08 1.615799634203860435e+01
1.086515774652537256e+08 1.614891557219778306e+01
1.099109700929496139e+08 1.613983394437149599e+01
1.111849604819269925e+08 1.613075145737558813e+01
1.124737178364750743e+08 1.612166811002749967e+01
1.137774133221490234e+08 1.611258390114639383e+01
1.150962200885031074e+08 1.610349882955312495e+01
1.164303132920875549e+08 1.609441289407026332e+01
1.177798701197118014e+08 1.608532609352217690e+01
1.191450698119774759e+08 1.607623842673497094e+01
1.205260936870841384e+08 1.606714989253660519e+01
1.219231251649109423e+08 1.605806048975684419e+01
1.233363497913774699e+08 1.604897021722737449e+01
1.247659552630868405e+08 1.603987907378173006e+01
1.262121314522546083e+08 1.603078705825539529e+01
1.276750704319264442e+08 1.602169416948580505e+01
1.291549665014882684e+08 1.601260040631237658e+01
1.306520162124719918e+08 1.600350576757653442e+01
1.321664183946603835e+08 1.599441025212175482e+01
1.336983741824945211e+08 1.598531385879356748e+01
1.352480870417873859e+08 1.597621658643960174e+01
1.368157627967470586e+08 1.596711843390962038e+01
1.384016096573130190e+08 1.595801940005553732e+01
1.400058382468096018e+08 1.594891948373143897e+01
1.416286616299197376e+08 1.593981868379364819e+01
1.432702953409829438e+08 1.593071699910069938e+01
1.449309574126214981e+08 1.592161442851342557e+01
1.466108684046982825e+08 1.591251097089494415e+01
1.483102514336102903e+08 1.590340662511071024e+01
1.500293322019216716e+08 1.589430139002852549e+01
1.517683390283403695e+08 1.588519526451860564e+01
1.535275028780421019e+08 1.587608824745356095e+01
1.553070573933458328e+08 1.586698033770847616e+01
1.571072389247448742e+08 1.585787153416088024e+01
1.589282865622976422e+08 1.584876183569084596e+01
1.607704421673822105e+08 1.583965124118096846e+01
1.626339504048190713e+08 1.583053974951642040e+01
1.645190587753660679e+08 1.582142735958496438e+01
1.664260176485901773e+08 1.581231407027701330e+01
1.683550802961200774e+08 1.580319988048561974e+01
1.703065029252842665e+08 1.579408478910654345e+01
1.722805447131392062e+08 1.578496879503826378e+01
1.742774678408917487e+08 1.577585189718201875e+01
1.762975375287203789e+08 1.576673409444182283e+01
1.783410220710006356e+08 1.575761538572451848e+01
1.804081928719380796e+08 1.574849576993979028e+01
1.824993244816150367e+08 1.573937524600020055e+01
1.846146946324545741e+08 1.573025381282122837e+01
1.867545842761074007e+08 1.572113146932129268e+01
1.889192776207664311e+08 1.571200821442179141e+01
1.911090621689136028e+08 1.570288404704712448e+01
1.933242287555043101e+08 1.569375896612472765e+01
1.955650715865947008e+08 1.568463297058510975e+01
1.978318882784162164e+08 1.567550605936189712e+01
2.001249798969034851e+08 1.566637823139182295e+01
2.024446509976801872e+08 1.565724948561481256e+01
2.047912096665083468e+08 1.564811982097397447e+01
2.071649675602066815e+08 1.563898923641565730e+01
2.095662399480430782e+08 1.562985773088948172e+01
2.119953457536068857e+08 1.562072530334835108e+01
2.144526075971665382e+08 1.561159195274851363e+01
2.169383518385182023e+08 1.560245767804956962e+01
2.194529086203311384e+08 1.559332247821452810e+01
2.219966119119952619e+08 1.558418635220981763e+01
2.245697995539771616e+08 1.557504929900533597e+01
2.271728133026902676e+08 1.556591131757448743e+01
2.298059988758848906e+08 1.555677240689417928e+01
2.324697059985645413e+08 1.554763256594491594e+01
2.351642884494346082e+08 1.553849179371077405e+01
2.378901041078890860e+08 1.552935008917948068e+01
2.406475150015421808e+08 1.552020745134242041e+01
2.434368873543108106e+08 1.551106387919467444e+01
2.462585916350544095e+08 1.550191937173506673e+01
2.491130026067785919e+08 1.549277392796618180e+01
2.520004993764089644e+08 1.548362754689440379e+01
2.549214654451420605e+08 1.547448022752997687e+01
2.578762887593798339e+08 1.546533196888698569e+01
2.608653617622545362e+08 1.545618276998345308e+01
2.638890814457507730e+08 1.544703262984130987e+01
2.669478494034318030e+08 1.543788154748648900e+01
2.700420718837769628e+08 1.542872952194892733e+01
2.731721598441373706e+08 1.541957655226260293e+01
2.763385290053166747e+08 1.541042263746558483e+01
2.795415999067853689e+08 1.540126777660005430e+01
2.827817979625338316e+08 1.539211196871234399e+01
2.860595535175738931e+08 1.538295521285297518e+01
2.893753019050947428e+08 1.537379750807669510e+01
2.927294835042812824e+08 1.536463885344251423e+01
2.961225437988031507e+08 1.535547924801372943e+01
2.995549334359810352e+08 1.534631869085797540e+01
3.030271082866393328e+08 1.533715718104725134e+01
3.065395295056523681e+08 1.532799471765796007e+01
3.100926635931923389e+08 1.531883129977094882e+01
3.136869824566873312e+08 1.530966692647154304e+01
3.173229634734973311e+08 1.530050159684956412e+01
3.210010895543168187e+08 1.529133530999940760e+01
3.247218492073125243e+08 1.528216806502004310e+01
3.284857366030040383e+08 1.527299986101505347e+01
3.322932516398968101e+08 1.526383069709269868e+01
3.361449000108761787e+08 1.525466057236593187e+01
3.400411932703702450e+08 1.524548948595243303e+01
3.439826489022921324e+08 1.523631743697465701e+01
3.479697903887687922e+08 1.522714442455987260e+01
3.520031472796675563e+08 1.521797044784018560e+01
3.560832552629274130e+08 1.520879550595260099e+01
3.602106562357066274e+08 1.519961959803901941e+01
3.643858983763540387e+08 1.519044272324633482e+01
3.686095362172154188e+08 1.518126488072640967e+01
3.728821307182829976e+08 1.517208606963615303e+01
3.772042493416993618e+08 1.516290628913754723e+01
3.815764661271244287e+08 1.515372553839768166e+01
3.859993617679763436e+08 1.514454381658880422e+01
3.904735236885555983e+08 1.513536112288834445e+01
3.949995461220638752e+08 1.512617745647895084e+01
3.995780301895265579e+08 1.511699281654856009e+01
4.042095839796301723e+08 1.510780720229038643e+01
4.088948226294856071e+08 1.509862061290300339e+01
4.136343684063269496e+08 1.508943304759035975e+01
4.184288507901576161e+08 1.508024450556183105e+01
4.232789065573544502e+08 1.507105498603223559e+01
4.281851798652406931e+08 1.506186448822191792e+01
4.331483223376393914e+08 1.505267301135673819e+01
4.381689931514185667e+08 1.504348055466814138e+01
4.432478591240391731e+08 1.503428711739318757e+01
4.483855948021181822e+08 1.502509269877460341e+01
4.535828825510181785e+08 1.501589729806079809e+01
4.588404126454752088e+08 1.500670091450592736e+01
4.641588833612772822e+08 1.499750354736991831e+01
4.695390010680053234e+08 1.498830519591851385e+01
4.749814803228495121e+08 1.497910585942331885e+01
4.804870439655123949e+08 1.496990553716182681e+01
4.860564232142128944e+08 1.496070422841747316e+01
4.916903577628021240e+08 1.495150193247967785e+01
4.973895958790057302e+08 1.494229864864386137e+01
5.031548945038046241e+08 1.493309437621151226e+01
5.089870193519674540e+08 1.492388911449023325e+01
5.148867450137487054e+08 1.491468286279373423e+01
5.208548550577654839e+08 1.490547562044193342e+01
5.268921421350666285e+08 1.489626738676096984e+01
5.329994080844082236e+08 1.488705816108322466e+01
5.391774640387494564e+08 1.487784794274740108e+01
5.454271305329824686e+08 1.486863673109855988e+01
5.517492376129117012e+08 1.485942452548811055e+01
5.581446249454954863e+08 1.485021132527393029e+01
5.646141419303661585e+08 1.484099712982034802e+01
5.711586478126423359e+08 1.483178193849821014e+01
5.777790117970495224e+08 1.482256575068491067e+01
5.844761131633625031e+08 1.481334856576444814e+01
5.912508413831869364e+08 1.480413038312745222e+01
5.981040962380931377e+08 1.479491120217124234e+01
6.050367879391212463e+08 1.478569102229984722e+01
6.120498372476689816e+08 1.477646984292407062e+01
6.191441755977834463e+08 1.476724766346151974e+01
6.263207452198679447e+08 1.475802448333664785e+01
6.335804992658240795e+08 1.474880030198080760e+01
6.409244019356443882e+08 1.473957511883228300e+01
6.483534286054713726e+08 1.473034893333633910e+01
6.558685659571422338e+08 1.472112174494524695e+01
6.634708121092337370e+08 1.471189355311836877e+01
6.711611767496273518e+08 1.470266435732214738e+01
6.789406812696098089e+08 1.469343415703018429e+01
6.868103588995293379e+08 1.468420295172328416e+01
6.947712548460226059e+08 1.467497074088947429e+01
7.028244264308338165e+08 1.466573752402407393e+01
7.109709432312424183e+08 1.465650330062971562e+01
7.192118872221177816e+08 1.464726807021639665e+01
7.275483529196218252e+08 1.463803183230154303e+01
7.359814475265755653e+08 1.462879458641002195e+01
7.445122910795128345e+08 1.461955633207420036e+01
7.531420165974360704e+08 1.461031706883399295e+01
7.618717702322983742e+08 1.460107679623689414e+01
7.707027114212287664e+08 1.459183551383804023e+01
7.796360130405220985e+08 1.458259322120023072e+01
7.886728615614140034e+08 1.457334991789399581e+01
7.978144572076612711e+08 1.456410560349762306e+01
8.070620141149491072e+08 1.455486027759721601e+01
8.164167604921455383e+08 1.454561393978672612e+01
8.258799387844254971e+08 1.453636658966799899e+01
8.354528058382854462e+08 1.452711822685083831e+01
8.451366330684704781e+08 1.451786885095301827e+01
8.549327066268366575e+08 1.450861846160036706e+01
8.648423275731709003e+08 1.449936705842676687e+01
8.748668120479896069e+08 1.449011464107424096e+01
8.850074914473420382e+08 1.448086120919298025e+01
8.952657125996382236e+08 1.447160676244138422e+01
9.056428379445275068e+08 1.446235130048611595e+01
9.161402457138502598e+08 1.445309482300214121e+01
9.267593301146863699e+08 1.444383732967277822e+01
9.375015015145270824e+08 1.443457882018974026e+01
9.483681866285908222e+08 1.442531929425319071e+01
9.593608287093126774e+08 1.441605875157175909e+01
9.704808877380286455e+08 1.440679719186265118e+01
9.817298406188820601e+08 1.439753461485161345e+01
9.931091813749780655e+08 1.438827102027303440e+01
1.004620421346811056e+09 1.437900640786997819e+01
1.016265089392997265e+09 1.436974077739422384e+01
1.028044732093307614e+09 1.436047412860631844e+01
1.039960913954122424e+09 1.435120646127561983e+01
1.052015217616156936e+09 1.434193777518034985e+01
1.064209244064726830e+09 1.433266807010762456e+01
1.076544612842313766e+09 1.432339734585352531e+01
1.089022962263732672e+09 1.431412560222311470e+01
1.101645949633654594e+09 1.430485283903053428e+01
1.114415251466790438e+09 1.429557905609898327e+01
1.127332563710484743e+09 1.428630425326081976e+01
1.140399601970035315e+09 1.427702843035757674e+01
1.153618101736476183e+09 1.426775158724004733e+01
1.166989818617149830e+09 1.425847372376827060e+01
1.180516528568803072e+09 1.424919483981165236e+01
1.194200028133534908e+09 1.423991493524893315e+01
1.208042134677326441e+09 1.423063400996832684e+01
1.222044686631491184e+09 1.422135206386747086e+01
1.236209543736766577e+09 1.421206909685356301e+01
1.250538587290393829e+09 1.420278510884333656e+01
1.265033720395901203e+09 1.419350009976316329e+01
1.279696868215944290e+09 1.418421406954906061e+01
1.294529978227913380e+09 1.417492701814677680e+01
1.309535020482670307e+09 1.416563894551179636e+01
1.324713987866114855e+09 1.415634985160942882e+01
1.340068896363953352e+09 1.414705973641483538e+01
1.355601785329366207e+09 1.413776859991308044e+01
1.371314717753948450e+09 1.412847644209917242e+01
1.387209780541618109e+09 1.411918326297814197e+01
1.403289084785876036e+09 1.410988906256503661e+01
1.419554766050098658e+09 1.410059384088504686e+01
1.436008984651263475e+09 1.409129759797345649e+01
1.452653925946778297e+09 1.408200033387580064e+01
1.469491800624820232e+09 1.407270204864779828e+01
1.486524844997853994e+09 1.406340274235552634e+01
1.503755321299741507e+09 1.405410241507534330e+01
1.521185517986101627e+09 1.404480106689405616e+01
1.538817750038349628e+09 1.403549869790885651e+01
1.556654359271058798e+09 1.402619530822746796e+01
1.574697714643090010e+09 1.401689089796812659e+01
1.592950212572119713e+09 1.400758546725967868e+01
1.611414277253023148e+09 1.399827901624158244e+01
1.630092360979737759e+09 1.398897154506401641e+01
1.648986944471068382e+09 1.397966305388784392e+01
1.668100537200055838e+09 1.397035354288477826e+01
1.687435677727379084e+09 1.396104301223731170e+01
1.706994934038404465e+09 1.395173146213886106e+01
1.726780903884359598e+09 1.394241889279375002e+01
1.746796215127242088e+09 1.393310530441731210e+01
1.767043526088950157e+09 1.392379069723588714e+01
1.787525525904231787e+09 1.391447507148692964e+01
1.808244934877955437e+09 1.390515842741900165e+01
1.829204504846290112e+09 1.389584076529187229e+01
1.850407019542305946e+09 1.388652208537652655e+01
1.871855294965575457e+09 1.387720238795525063e+01
1.893552179756299019e+09 1.386788167332164257e+01
1.915500555573523998e+09 1.385855994178072415e+01
1.937703337477992773e+09 1.384923719364890182e+01
1.960163474319181681e+09 1.383991342925412482e+01
1.982883949127075434e+09 1.383058864893583007e+01
2.005867779508229971e+09 1.382126285304507363e+01
2.029118018046682358e+09 1.381193604194452540e+01
2.052637752709248066e+09 1.380260821600856325e+01
2.076430107255779028e+09 1.379327937562328721e+01
2.100498241653911114e+09 1.378394952118661543e+01
2.124845352498887300e+09 1.377461865310826283e+01
2.149474673437976360e+09 1.376528677180987970e+01
2.174389475600084305e+09 1.375595387772502498e+01
2.199593068030070305e+09 1.374661997129926938e+01
2.225088798128374100e+09 1.373728505299021663e+01
2.250880052095457077e+09 1.372794912326758876e+01
2.276970255381684780e+09 1.371861218261321191e+01
2.303362873142126560e+09 1.370927423152115665e+01
2.330061410696929455e+09 1.369993527049770243e+01
2.357069413996723175e+09 1.369059530006145309e+01
2.384390470093725204e+09 1.368125432074335990e+01
2.412028207618001938e+09 1.367191233308676956e+01
2.439986297259555340e+09 1.366256933764747750e+01
2.468268452255687237e+09 1.365322533499380953e+01
2.496878428884331703e+09 1.364388032570661125e+01
2.525820026962779522e+09 1.363453431037936880e+01
2.555097090352512360e+09 1.362518728961820713e+01
2.584713507469558239e+09 1.361583926404198053e+01
2.614673211801097393e+09 1.360649023428228155e+01
2.644980182427714348e+09 1.359714020098353870e+01
2.675638444552050591e+09 1.358778916480303423e+01
2.706652070033235550e+09 1.357843712641098222e+01
2.738025177927863121e+09 1.356908408649054110e+01
2.769761935036885262e+09 1.355973004573792373e+01
2.801866556459200859e+09 1.355037500486237789e+01
2.834343306151303291e+09 1.354101896458631771e+01
2.867196497493775845e+09 1.353166192564529346e+01
2.900430493863985538e+09 1.352230388878812306e+01
2.934049709215793133e+09 1.351294485477687246e+01
2.968058608665596008e+09 1.350358482438696583e+01
3.002461709085555553e+09 1.349422379840718555e+01
3.037263579703305244e+09 1.348486177763978411e+01
3.072468842709009647e+09 1.347549876290046456e+01
3.108082173869057655e+09 1.346613475501851731e+01
3.144108303147271156e+09 1.345676975483677218e+01
3.180552015332913399e+09 1.344740376321175113e+01
3.217418150676378250e+09 1.343803678101364341e+01
3.254711605531841278e+09 1.342866880912641214e+01
3.292437333007775784e+09 1.341929984844779966e+01
3.330600343624581814e+09 1.340992989988942519e+01
3.369205705980274200e+09 1.340055896437677951e+01
3.408258547423444748e+09 1.339118704284936534e+01
3.447764054734471321e+09 1.338181413626064398e+01
3.487727474814170361e+09 1.337244024557817745e+01
3.528154115380890369e+09 1.336306537178361609e+01
3.569049345675222397e+09 1.335368951587281039e+01
3.610418597173344612e+09 1.334431267885579331e+01
3.652267364308167934e+09 1.333493486175690990e+01
3.694601205199309826e+09 1.332555606561480133e+01
3.737425742391056538e+09 1.331617629148250970e+01
3.780746663599357128e+09 1.330679554042748691e+01
3.824569722466991425e+09 1.329741381353167817e+01
3.868900739327983379e+09 1.328803111189157171e+01
3.913745601980375767e+09 1.327864743661823432e+01
3.959110266468466759e+09 1.326926278883736821e+01
4.005000757873602867e+09 1.325987716968939090e+01
4.051423171114655495e+09 1.325049058032943705e+01
4.098383671757253170e+09 1.324110302192746857e+01
4.145888496832919598e+09 1.323171449566827640e+01
4.193943955667177677e+09 1.322232500275156575e+01
4.242556430717785835e+09 1.321293454439199166e+01
4.291732378422148705e+09 1.320354312181923007e+01
4.341478330055101395e+09 1.319415073627800616e+01
4.391800892596076965e+09 1.318475738902816907e+01
4.442706749606891632e+09 1.317536308134470957e+01
4.494202662119132996e+09 1.316596781451788623e+01
4.546295469532408714e+09 1.315657158985317565e+01
4.598992090522428513e+09 1.314717440867141995e+01
4.652299523960198402e+09 1.313777627230881428e+01
4.706224849841271400e+09 1.312837718211699922e+01
4.760775230226377487e+09 1.311897713946307675e+01
4.815957910192340851e+09 1.310957614572971330e+01
4.871780218794640541e+09 1.310017420231512908e+01
4.928249570040503502e+09 1.309077131063321531e+01
4.985373463873904228e+09 1.308136747211353601e+01
5.043159487171348572e+09 1.307196268820140972e+01
5.101615314749844551e+09 1.306255696035794500e+01
5.160748710385896683e+09 1.305315029006011152e+01
5.220567527846985817e+09 1.304374267880077021e+01
5.281079711934320450e+09 1.303433412808874792e+01
5.342293299538363457e+09 1.302492463944886936e+01
5.404216420705904007e+09 1.301551421442202994e+01
5.466857299720191956e+09 1.300610285456522774e+01
5.530224256192889214e+09 1.299669056145163992e+01
5.594325706169388771e+09 1.298727733667064044e+01
5.659170163246231079e+09 1.297786318182789600e+01
5.724766239702190399e+09 1.296844809854537672e+01
5.791122647641746521e+09 1.295903208846145382e+01
5.858248200152547836e+09 1.294961515323088896e+01
5.926151812475540161e+09 1.294019729452496037e+01
5.994842503189420700e+09 1.293077851403144507e+01
6.064329395408049583e+09 1.292135881345474147e+01
6.134621717992518425e+09 1.291193819451584801e+01
6.205728806776487350e+09 1.290251665895248046e+01
6.277660105806512833e+09 1.289309420851907362e+01
6.350425168595949173e+09 1.288367084498687731e+01
6.424033659394204140e+09 1.287424657014396701e+01
6.498495354469875336e+09 1.286482138579533796e+01
6.573820143409598351e+09 1.285539529376290346e+01
6.650018030431104660e+09 1.284596829588561562e+01
6.727099135712350845e+09 1.283654039401945113e+01
6.805073696735192299e+09 1.282711159003751256e+01
6.883952069645510674e+09 1.281768188583004431e+01
6.963744730628208160e+09 1.280825128330451435e+01
7.044462277299051285e+09 1.279881978438564083e+01
7.126115430111730576e+09 1.278938739101547561e+01
7.208715033782150269e+09 1.277995410515340602e+01
7.292272058728298187e+09 1.277051992877626674e+01
7.376797602527746201e+09 1.276108486387833452e+01
7.462302891391092300e+09 1.275164891247143295e+01
7.548799281653447151e+09 1.274221207658493071e+01
7.636298261282225609e+09 1.273277435826585169e+01
7.724811451403415680e+09 1.272333575957886787e+01
7.814350607844526291e+09 1.271389628260639526e+01
7.904927622696436882e+09 1.270445592944861879e+01
7.996554525892330170e+09 1.269501470222356332e+01
8.089243486805954933e+09 1.268557260306711498e+01
8.183006815867372513e+09 1.267612963413312777e+01
8.277856966198489189e+09 1.266668579759340574e+01
8.373806535266472816e+09 1.265724109563780608e+01
8.470868266557419777e+09 1.264779553047426042e+01
8.569055051268329620e+09 1.263834910432885827e+01
8.668379930019792557e+09 1.262890181944584711e+01
8.768856094587408066e+09 1.261945367808774954e+01
8.870496889654420853e+09 1.261000468253534557e+01
8.973315814583501816e+09 1.260055483508778273e+01
9.077326525210241318e+09 1.259110413806257966e+01
9.182542835656263351e+09 1.258165259379572198e+01
9.288978720164516449e+09 1.257220020464165522e+01
9.396648314954671860e+09 1.256274697297340204e+01
9.505565920101211548e+09 1.255329290118256047e+01
9.615746001432075500e+09 1.254383799167938385e+01
9.727203192450557709e+09 1.253438224689280389e+01
9.839952296278205872e+09 1.252492566927053375e+01
9.954008287621538162e+09 1.251546826127903245e+01
1.006938631476025009e+10 1.250601002540365947e+01
1.018610170155977440e+10 1.249655096414861966e+01
1.030416994950585365e+10 1.248709108003710533e+01
1.042360673976403236e+10 1.247763037561127675e+01
1.054442793526166344e+10 1.246816885343236692e+01
1.066664958279541016e+10 1.245870651608067270e+01
1.079028791516181374e+10 1.244924336615567206e+01
1.091535935331393242e+10 1.243977940627600276e+01
1.104188050854158020e+10 1.243031463907958312e+01
1.116986818467824936e+10 1.242084906722359428e+01
1.129933938033219337e+10 1.241138269338459033e+01
1.143031129114480972e+10 1.240191552025848942e+01
1.156280131207373047e+10 1.239244755056067859e+01
1.169682703970387077e+10 1.238297878702601729e+01
1.183240627458375549e+10 1.237350923240892087e+01
1.196955702359045219e+10 1.236403888948337482e+01
1.210829750232036972e+10 1.235456776104302712e+01
1.224864613750933266e+10 1.234509584990119180e+01
1.239062156947913170e+10 1.233562315889093597e+01
1.253424265461402130e+10 1.232614969086509404e+01
1.267952846786431313e+10 1.231667544869635122e+01
1.282649830528062439e+10 1.230720043527725238e+01
1.297517168657584190e+10 1.229772465352031219e+01
1.312556835771845436e+10 1.228824810635796183e+01
1.327770829355426407e+10 1.227877079674272132e+01
1.343161170046018028e+10 1.226929272764713552e+01
1.358729901902706337e+10 1.225981390206390387e+01
1.374479092677539444e+10 1.225033432300587677e+01
1.390410834090066910e+10 1.224085399350613379e+01
1.406527242105239296e+10 1.223137291661800319e+01
1.422830457214348984e+10 1.222189109541515251e+01
1.439322644719409370e+10 1.221240853299157259e+01
1.456005995020645523e+10 1.220292523246169658e+01
1.472882723907504845e+10 1.219344119696038042e+01
1.489955072852850723e+10 1.218395642964301295e+01
1.507225309310758591e+10 1.217447093368549460e+01
1.524695727017569923e+10 1.216498471228436173e+01
1.542368646296630478e+10 1.215549776865674403e+01
1.560246414366364861e+10 1.214601010604050479e+01
1.578331405652119637e+10 1.213652172769420901e+01
1.596626022101421928e+10 1.212703263689722100e+01
1.615132693503092957e+10 1.211754283694971512e+01
1.633853877809863663e+10 1.210805233117275392e+01
1.652792061464897156e+10 1.209856112290831298e+01
1.671949759731991768e+10 1.208906921551932356e+01
1.691329517029650497e+10 1.207957661238973657e+01
1.710933907269016838e+10 1.207008331692455982e+01
1.730765534195727539e+10 1.206058933254989185e+01
1.750827031735726929e+10 1.205109466271298402e+01
1.771121064345090485e+10 1.204159931088227964e+01
1.791650327363903046e+10 1.203210328054744593e+01
1.812417547374239349e+10 1.202260657521945753e+01
1.833425482562292480e+10 1.201310919843058400e+01
1.854676923084701157e+10 1.200361115373448051e+01
1.876174691439123535e+10 1.199411244470622151e+01
1.897921642839103317e+10 1.198461307494232742e+01
1.919920665593286896e+10 1.197511304806082855e+01
1.942174681489028549e+10 1.196561236770130598e+01
1.964686646180448532e+10 1.195611103752491999e+01
1.987459549580985641e+10 1.194660906121448107e+01
2.010496416260501099e+10 1.193710644247446062e+01
2.033800305846984100e+10 1.192760318503106376e+01
2.057374313432915878e+10 1.191809929263225598e+01
2.081221569986341476e+10 1.190859476904781289e+01
2.105345242766708374e+10 1.189908961806935217e+01
2.129748535745523071e+10 1.188958384351040110e+01
2.154434690031886673e+10 1.188007744920640718e+01
2.179406984302958298e+10 1.187057043901480569e+01
2.204668735239411926e+10 1.186106281681504981e+01
2.230223297965940857e+10 1.185155458650865334e+01
2.256074066496863937e+10 1.184204575201924392e+01
2.282224474186900711e+10 1.183253631729258615e+01
2.308677994187171936e+10 1.182302628629663310e+01
2.335438139906481552e+10 1.181351566302157607e+01
2.362508465477949905e+10 1.180400445147988009e+01
2.389892566231052780e+10 1.179449265570630523e+01
2.417594079169133377e+10 1.178498027975798479e+01
2.445616683452449036e+10 1.177546732771442706e+01
2.473964100886816788e+10 1.176595380367760235e+01
2.502640096417921829e+10 1.175643971177192171e+01
2.531648478631357956e+10 1.174692505614434346e+01
2.560993100258462143e+10 1.173740984096436080e+01
2.590677858688011551e+10 1.172789407042407639e+01
2.620706696483855057e+10 1.171837774873821836e+01
2.651083601908541489e+10 1.170886088014419890e+01
2.681812609453018188e+10 1.169934346890213561e+01
2.712897800372470093e+10 1.168982551929491009e+01
2.744343303228367996e+10 1.168030703562819284e+01
2.776153294436803818e+10 1.167078802223046985e+01
2.808331998823175430e+10 1.166126848345312972e+01
2.840883690183306885e+10 1.165174842367044405e+01
2.873812691851069260e+10 1.164222784727964211e+01
2.907123377272581482e+10 1.163270675870093029e+01
2.940820170587066650e+10 1.162318516237755439e+01
2.974907547214443588e+10 1.161366306277580485e+01
3.009390034449724197e+10 1.160414046438507718e+01
3.044272212064305878e+10 1.159461737171789686e+01
3.079558712914229584e+10 1.158509378930997613e+01
3.115254223555491257e+10 1.157556972172022292e+01
3.151363484866482544e+10 1.156604517353079586e+01
3.187891292677648926e+10 1.155652014934713989e+01
3.224842498408445358e+10 1.154699465379801460e+01
3.262222009711673355e+10 1.153746869153553689e+01
3.300034791125288773e+10 1.152794226723522009e+01
3.338285864731764603e+10 1.151841538559599343e+01
3.376980310825094986e+10 1.150888805134025361e+01
3.416123268585531998e+10 1.149936026921390386e+01
3.455719936762142944e+10 1.148983204398636282e+01
3.495775574363278961e+10 1.148030338045063203e+01
3.536295501355046082e+10 1.147077428342331196e+01
3.577285099367877197e+10 1.146124475774463569e+01
3.618749812411283875e+10 1.145171480827850985e+01
3.660695147596906281e+10 1.144218443991254297e+01
3.703126675869931030e+10 1.143265365755809171e+01
3.746050032748996735e+10 1.142312246615026972e+01
3.789470919074671173e+10 1.141359087064801159e+01
3.833395101766605377e+10 1.140405887603408175e+01
3.877828414589461517e+10 1.139452648731512241e+01
3.922776758927723694e+10 1.138499370952166956e+01
3.968246104569486237e+10 1.137546054770820980e+01
4.014242490499326324e+10 1.136592700695319280e+01
4.060772025700369263e+10 1.135639309235906147e+01
4.107840889965650940e+10 1.134685880905230526e+01
4.155455334718879700e+10 1.133732416218346550e+01
4.203621683844718170e+10 1.132778915692719046e+01
4.252346334528686523e+10 1.131825379848224600e+01
4.301635758106799316e+10 1.130871809207155998e+01
4.351496500925054169e+10 1.129918204294225070e+01
4.401935185208879089e+10 1.128964565636564465e+01
4.452958509942659760e+10 1.128010893763733336e+01
4.504573251759462738e+10 1.127057189207716448e+01
4.556786265841068268e+10 1.126103452502932001e+01
4.609604486828438568e+10 1.125149684186229671e+01
4.663034929742736053e+10 1.124195884796897005e+01
4.717084690917021942e+10 1.123242054876660667e+01
4.771760948938750458e+10 1.122288194969690522e+01
4.827070965603188324e+10 1.121334305622600169e+01
4.883022086877884674e+10 1.120380387384452803e+01
4.939621743878325653e+10 1.119426440806761569e+01
4.996877453854888916e+10 1.118472466443493474e+01
5.054796821191246033e+10 1.117518464851072046e+01
5.113387538414331055e+10 1.116564436588379650e+01
5.172657387216024017e+10 1.115610382216761387e+01
5.232614239486666870e+10 1.114656302300024748e+01
5.293266058360566711e+10 1.113702197404446181e+01
5.354620899273612976e+10 1.112748068098771270e+01
5.416686911033157349e+10 1.111793914954217577e+01
5.479472336900292969e+10 1.110839738544477662e+01
5.542985515684674835e+10 1.109885539445721570e+01
5.607234882852038574e+10 1.108931318236599317e+01
5.672228971644549561e+10 1.107977075498243380e+01
5.737976414214139557e+10 1.107022811814270113e+01
5.804485942768984222e+10 1.106068527770784549e+01
5.871766390733261108e+10 1.105114223956380570e+01
5.939826693920362091e+10 1.104159900962143581e+01
6.008675891719692993e+10 1.103205559381654233e+01
6.078323128297235870e+10 1.102251199810989668e+01
6.148777653810029602e+10 1.101296822848726364e+01
6.220048825634718323e+10 1.100342429095941377e+01
6.292146109610350800e+10 1.099388019156215002e+01
6.365079081295578003e+10 1.098433593635634153e+01
6.438857427240425873e+10 1.097479153142793784e+01
6.513490946272809601e+10 1.096524698288797239e+01
6.588989550799956512e+10 1.095570229687262298e+01
6.665363268124920654e+10 1.094615747954319041e+01
6.742622241778349304e+10 1.093661253708615000e+01
6.820776732865692139e+10 1.092706747571316050e+01
6.899837121430024719e+10 1.091752230166108184e+01
6.979813907830667114e+10 1.090797702119199819e+01
7.060717714137780762e+10 1.089843164059323755e+01
7.142559285543133545e+10 1.088888616617739302e+01
7.225349491787220764e+10 1.087934060428233884e+01
7.309099328602919006e+10 1.086979496127124278e+01
7.393819919175872803e+10 1.086024924353260701e+01
7.479522515621829224e+10 1.085070345748025389e+01
7.566218500481062317e+10 1.084115760955337393e+01
7.653919388230155945e+10 1.083161170621651870e+01
7.742636826811277771e+10 1.082206575395964698e+01
7.832382599179203796e+10 1.081251975929809994e+01
7.923168624866261292e+10 1.080297372877266859e+01
8.015006961565412903e+10 1.079342766894956540e+01
8.107909806731694031e+10 1.078388158642046513e+01
8.201889499202210999e+10 1.077433548780251193e+01
8.296958520834915161e+10 1.076478937973834782e+01
8.393129498166372681e+10 1.075524326889609839e+01
8.490415204088755798e+10 1.074569716196942792e+01
8.588828559546258545e+10 1.073615106567751809e+01
8.688382635251193237e+10 1.072660498676509455e+01
8.789090653419963074e+10 1.071705893200246429e+01
8.890965989529167175e+10 1.070751290818548007e+01
8.994022174092053223e+10 1.069796692213560618e+01
9.098272894455567932e+10 1.068842098069988822e+01
9.203731996618229675e+10 1.067887509075100461e+01
9.310413487069084167e+10 1.066932925918723996e+01
9.418331534647961426e+10 1.065978349293252414e+01
9.527500472427299500e+10 1.065023779893645006e+01
9.637934799615795898e+10 1.064069218417425411e+01
9.749649183484095764e+10 1.063114665564684103e+01
9.862658461312831116e+10 1.062160122038082477e+01
9.976977642363211060e+10 1.061205588542848943e+01
1.009262190987048340e+11 1.060251065786783009e+01
1.020960662306047516e+11 1.059296554480255637e+01
1.032794731918952484e+11 1.058342055336210841e+01
1.044765971560805206e+11 1.057387569070164979e+01
1.056875971184804993e+11 1.056433096400208527e+01
1.069126339173477173e+11 1.055478638047008566e+01
1.081518702552289276e+11 1.054524194733805942e+01
1.094054707205743561e+11 1.053569767186419881e+01
1.106736018095974579e+11 1.052615356133246038e+01
1.119564319483879395e+11 1.051660962305260050e+01
1.132541315152812653e+11 1.050706586436013978e+01
1.145668728634872589e+11 1.049752229261641467e+01
1.158948303439811859e+11 1.048797891520855252e+01
1.172381803286599731e+11 1.047843573954950180e+01
1.185971012337670593e+11 1.046889277307801258e+01
1.199717735435885468e+11 1.045935002325866137e+01
1.213623798344241791e+11 1.044980749758185290e+01
1.227691047988360443e+11 1.044026520356382015e+01
1.241921352701784668e+11 1.043072314874662609e+01
1.256316602474121399e+11 1.042118134069817437e+01
1.270878709202059479e+11 1.041163978701221282e+01
1.285609606943296509e+11 1.040209849530833885e+01
1.300511252173409882e+11 1.039255747323199408e+01
1.315585624045705261e+11 1.038301672845447321e+01
1.330834724654076080e+11 1.037347626867292227e+01
1.346260579298910980e+11 1.036393610161035816e+01
1.361865236756082764e+11 1.035439623501563666e+01
1.377650769549054871e+11 1.034485667666348974e+01
1.393619274224143372e+11 1.033531743435450245e+01
1.409772871628967590e+11 1.032577851591512186e+01
1.426113707194129639e+11 1.031623992919766408e+01
1.442643951218158875e+11 1.030670168208030546e+01
1.459365799155757751e+11 1.029716378246708608e+01
1.476281471909391174e+11 1.028762623828790090e+01
1.493393216124253235e+11 1.027808905749851398e+01
1.510703304486655579e+11 1.026855224808055489e+01
1.528214036025870972e+11 1.025901581804150275e+01
1.545927736419478455e+11 1.024947977541469513e+01
1.563846758302247925e+11 1.023994412825932621e+01
1.581973481578601379e+11 1.023040888466044862e+01
1.600310313738701782e+11 1.022087405272895388e+01
1.618859690178199158e+11 1.021133964060159371e+01
1.637624074521688843e+11 1.020180565644094628e+01
1.656605958949915161e+11 1.019227210843543929e+01
1.675807864530768738e+11 1.018273900479933936e+01
1.695232341554121399e+11 1.017320635377273597e+01
1.714881969870540771e+11 1.016367416362154152e+01
1.734759359233932495e+11 1.015414244263749843e+01
1.754867149648152161e+11 1.014461119913816134e+01
1.775208011717636108e+11 1.013508044146689180e+01
1.795784647002096863e+11 1.012555017799285295e+01
1.816599788375328674e+11 1.011602041711100775e+01
1.837656200388172302e+11 1.010649116724210472e+01
1.858956679635688171e+11 1.009696243683267802e+01
1.880504055128583374e+11 1.008743423435503850e+01
1.902301188668945923e+11 1.007790656830725418e+01
1.924350975230332336e+11 1.006837944721316269e+01
1.946656343342263184e+11 1.005885287962234642e+01
1.969220255479173584e+11 1.004932687411012715e+01
1.992045708453871155e+11 1.003980143927755897e+01
2.015135733815558472e+11 1.003027658375141939e+01
2.038493398252464294e+11 1.002075231618419870e+01
2.062121803999144592e+11 1.001122864525408751e+01
2.086024089248504944e+11 1.000170557966496432e+01
2.110203428568596497e+11 9.992183128146393756e+00
2.134663033324245300e+11 9.982661299453601700e+00
2.159406152103567505e+11 9.973140102367482385e+00
2.184436071149428406e+11 9.963619545694562873e+00
2.209756114795903320e+11 9.954099638267006611e+00
2.235369645909796448e+11 9.944580388942600990e+00
2.261280066337279663e+11 9.935061806604734258e+00
2.287490817355704041e+11 9.925543900162395516e+00
2.314005380130653992e+11 9.916026678550142748e+00
2.340827276178294373e+11 9.906510150728109920e+00
2.367960067833078613e+11 9.896994325681978566e+00
2.395407358720879517e+11 9.887479212422968899e+00
2.423172794237600708e+11 9.877964819987809619e+00
2.451260062033339844e+11 9.868451157438753896e+00
2.479672892502160034e+11 9.858938233863531408e+00
2.508415059277541199e+11 9.849426058375355453e+00
2.537490379733571777e+11 9.839914640112887412e+00
2.566902715491951904e+11 9.830403988240240309e+00
2.596655972934872437e+11 9.820894111946939731e+00
2.626754103723838501e+11 9.811385020447920269e+00
2.657201105324506836e+11 9.801876722983511314e+00
2.688001021537607422e+11 9.792369228819403304e+00
2.719157943036018982e+11 9.782862547246644169e+00
2.750676007908067627e+11 9.773356687581610913e+00
2.782559402207125854e+11 9.763851659165997177e+00
2.814812360507581177e+11 9.754347471366791922e+00
2.847439166467247925e+11 9.744844133576254563e+00
2.880444153396297607e+11 9.735341655211895429e+00
2.913831704832788696e+11 9.725840045716466875e+00
2.947606255124858398e+11 9.716339314557931317e+00
2.981772290019673462e+11 9.706839471229436356e+00
3.016334347259197388e+11 9.697340525249304122e+00
3.051297017182871094e+11 9.687842486161006406e+00
3.086664943337274170e+11 9.678345363533139789e+00
3.122442823092857666e+11 9.668849166959397223e+00
3.158635408267819214e+11 9.659353906058564476e+00
3.195247505759213867e+11 9.649859590474481053e+00
3.232283978181380615e+11 9.640366229876009996e+00
3.269749744511768188e+11 9.630873833957030783e+00
3.307649780744242554e+11 9.621382412436414455e+00
3.345989120549974976e+11 9.611891975057988091e+00
3.384772855945983276e+11 9.602402531590509938e+00
3.424006137971425781e+11 9.592914091827655199e+00
3.463694177371734619e+11 9.583426665587987614e+00
3.503842245290675659e+11 9.573940262714925709e+00
3.544455673970435791e+11 9.564454893076721476e+00
3.585539857459816895e+11 9.554970566566435508e+00
3.627100252330648193e+11 9.545487293101905024e+00
3.669142378402493896e+11 9.536005082625731433e+00
3.711671819475766602e+11 9.526523945105228819e+00
3.754694224073336792e+11 9.517043890532416839e+00
3.798215306190736084e+11 9.507564928923985192e+00
3.842240846055061035e+11 9.498087070321256320e+00
3.886776690892667847e+11 9.488610324790176520e+00
3.931828755705770264e+11 9.479134702421273317e+00
3.977403024058036499e+11 9.469660213329619936e+00
4.023505548869293213e+11 9.460186867654829967e+00
4.070142453219439087e+11 9.450714675560995204e+00
4.117319931161679077e+11 9.441243647236683856e+00
4.165044248545184937e+11 9.431773792894889041e+00
4.213321743847288818e+11 9.422305122773014574e+00
4.262158829015324707e+11 9.412837647132827001e+00
4.311561990318228149e+11 9.403371376260443171e+00
4.361537789208005981e+11 9.393906320466280491e+00
4.412092863191190186e+11 9.384442490085032063e+00
4.463233926710397339e+11 9.374979895475640035e+00
4.514967772036101685e+11 9.365518547021252971e+00
4.567301270168746948e+11 9.356058455129195650e+00
4.620241371751312866e+11 9.346599630230945976e+00
4.673795107992463379e+11 9.337142082782081687e+00
4.727969591600390625e+11 9.327685823262259035e+00
4.782772017727485352e+11 9.318230862175182594e+00
4.838209664925957031e+11 9.308777210048559070e+00
4.894289896114531860e+11 9.299324877434067105e+00
4.951020159556351318e+11 9.289873874907328855e+00
5.008407989848212280e+11 9.280424213067865580e+00
5.066461008921268311e+11 9.270975902539056790e+00
5.125186927053332520e+11 9.261528953968124256e+00
5.184593543892913208e+11 9.252083378026082272e+00
5.244688749495119019e+11 9.242639185407695024e+00
5.305480525369573975e+11 9.233196386831449942e+00
5.366976945540476074e+11 9.223754993039520400e+00
5.429186177618942871e+11 9.214315014797723080e+00
5.492116483887789307e+11 9.204876462895484224e+00
5.555776222398878174e+11 9.195439348145795222e+00
5.620173848083188477e+11 9.186003681385182418e+00
5.685317913873753662e+11 9.176569473473671579e+00
5.751217071841613770e+11 9.167136735294729277e+00
5.817880074344935303e+11 9.157705477755245127e+00
5.885315775191450195e+11 9.148275711785480269e+00
5.953533130814370117e+11 9.138847448339038948e+00
6.022541201461927490e+11 9.129420698392809896e+00
6.092349152400711670e+11 9.119995472946948567e+00
6.162966255132941895e+11 9.110571783024813186e+00
6.234401888627863770e+11 9.101149639672945213e+00
6.306665540567406006e+11 9.091729053961019602e+00
6.379766808606281738e+11 9.082310036981796841e+00
6.453715401646701660e+11 9.072892599851096307e+00
6.528521141127847900e+11 9.063476753707734090e+00
6.604193962330305176e+11 9.054062509713505236e+00
6.680743915695615234e+11 9.044649879053123342e+00
6.758181168161110840e+11 9.035238872934174381e+00
6.836516004510238037e+11 9.025829502587104258e+00
6.915758828738525391e+11 9.016421779265131775e+00
6.995920165435374756e+11 9.007015714244248628e+00
7.077010661181889648e+11 8.997611318823141247e+00
7.159041085964887695e+11 8.988208604323160600e+00
7.242022334607315674e+11 8.978807582088291994e+00
7.325965428215230713e+11 8.969408263485084021e+00
7.410881515641569824e+11 8.960010659902627239e+00
7.496781874966876221e+11 8.950614782752490228e+00
7.583677914997191162e+11 8.941220643468689389e+00
7.671581176779301758e+11 8.931828253507642756e+00
7.760503335133570557e+11 8.922437624348113161e+00
7.850456200204509277e+11 8.913048767491174473e+00
7.941451719029339600e+11 8.903661694460161868e+00
8.033501977124735107e+11 8.894276416800618534e+00
8.126619200091945801e+11 8.884892946080261922e+00
8.220815755240540771e+11 8.875511293888926900e+00
8.316104153230961914e+11 8.866131471838532008e+00
8.412497049736118164e+11 8.856753491563010172e+00
8.510007247122246094e+11 8.847377364718292725e+00
8.608647696149244385e+11 8.838003102982227688e+00
8.708431497690723877e+11 8.828630718054558457e+00
8.809371904473990479e+11 8.819260221656868737e+00
8.911482322840201416e+11 8.809891625532523918e+00
9.014776314524916992e+11 8.800524941446635552e+00
9.119267598459298096e+11 8.791160181186022271e+00
9.224970052592174072e+11 8.781797356559124523e+00
9.331897715733238525e+11 8.772436479395995690e+00
9.440064789417603760e+11 8.763077561548234584e+00
9.549485639791966553e+11 8.753720614888939267e+00
9.660174799522645264e+11 8.744365651312648424e+00
9.772146969725725098e+11 8.735012682735316503e+00
9.885417021919573975e+11 8.725661721094242651e+00
1.000000000000000000e+12 8.716312778348020984e+00
