1.995262314968878707e-07 4.428272538369356880e+03
2.026313821226701626e-07 4.428272538369356880e+03
2.057848570230927355e-07 4.457286900435704410e+03
2.089874082504071209e-07 4.496566369763726470e+03
2.122397995607671898e-07 4.536192629326315000e+03
2.155428065963719935e-07 4.576168723356169721e+03
2.188972170704455838e-07 4.616497716945604225e+03
2.223038309550911063e-07 4.657182686779666255e+03
2.257634606720727953e-07 4.698226745371381185e+03
2.292769312865648880e-07 4.739633032555973841e+03
2.328450807039161600e-07 4.781404713632605308e+03
2.364687598694767502e-07 4.823544973283352192e+03
2.401488329715346025e-07 4.866057056414198087e+03
2.438861776474098316e-07 4.908944186652280223e+03
2.476816851927589465e-07 4.952209621252568468e+03
2.515362607741310715e-07 4.995856733994474780e+03
2.554508236448376549e-07 5.039888756625417955e+03
2.594263073641787833e-07 5.084309163549740333e+03
2.634636600200817153e-07 5.129121257316849551e+03
2.675638444552045216e-07 5.174328465005056387e+03
2.717278384965581936e-07 5.219934266133620440e+03
2.759566351887024898e-07 5.265942079367478073e+03
2.802512430305702601e-07 5.312355513613360927e+03
2.846126862159802276e-07 5.359178007836318102e+03
2.890420048778871444e-07 5.406413123260264911e+03
2.935402553364386729e-07 5.454064540692078481e+03
2.981085103508900246e-07 5.502135758128989437e+03
3.027478593754393569e-07 5.550630661482206960e+03
3.074594088190449652e-07 5.599552707530602675e+03
3.122442823092857863e-07 5.648905680047565511e+03
3.171036209603280010e-07 5.698693376260190234e+03
3.220385836450615793e-07 5.748919542664069922e+03
3.270503472714752724e-07 5.799587918181712666e+03
3.321401070633258500e-07 5.850702595453647518e+03
3.373090768451822109e-07 5.902267208775148902e+03
3.425584893319017504e-07 5.954285691237093488e+03
3.478895964226131566e-07 6.006762230380984875e+03
3.533036694992736599e-07 6.059700474859834685e+03
3.588019997298726821e-07 6.113104709880080009e+03
3.643858983763540946e-07 6.166978801400982775e+03
3.700566971073330527e-07 6.221326881238426722e+03
3.758157483156734770e-07 6.276153151592325230e+03
3.816644254410140058e-07 6.331461651055815310e+03
3.876041232973106066e-07 6.387256636528855779e+03
3.936362584054766319e-07 6.443542281830653337e+03
3.997622693312000464e-07 6.500322885547317128e+03
4.059836170280179751e-07 6.557602695742928518e+03
4.123017851857299427e-07 6.615386063053813814e+03
4.187182805842330751e-07 6.673677220226013560e+03
4.252346334528677811e-07 6.732481087782919531e+03
4.318523978353472862e-07 6.791801498596110832e+03
4.385731519603753632e-07 6.851643110537017492e+03
4.453984986180267463e-07 6.912010666815214790e+03
4.523300655419869473e-07 6.972908446992371864e+03
4.593695057977397270e-07 7.034340979273671110e+03
4.665184981767964511e-07 7.096313330512297398e+03
4.737787475970591835e-07 7.158829655726587589e+03
4.811519855094201642e-07 7.221895011701816657e+03
4.886399703106780370e-07 7.285514297408993116e+03
4.962444877628913673e-07 7.349690869903542080e+03
5.039673514192521971e-07 7.414432649994653730e+03
5.118104030565890614e-07 7.479741636399468007e+03
5.197755131146008995e-07 7.545623298783249993e+03
5.278645811419257811e-07 7.612083812836071047e+03
5.360795362491529723e-07 7.679126932558554472e+03
5.444223375688826346e-07 7.746758136371825458e+03
5.528949747229514220e-07 7.814982463022220145e+03
5.614994682969185268e-07 7.883805036604926499e+03
5.702378703219464290e-07 7.953231005115000698e+03
5.791122647641758759e-07 8.023265658724021705e+03
5.881247680217172756e-07 8.093913911868085961e+03
5.972775294293780428e-07 8.165181853786395550e+03
6.065727317712427866e-07 8.237073994469574245e+03
6.160125918012312789e-07 8.309596116887687458e+03
6.255993607717623154e-07 8.382753372066261363e+03
6.353353249706336908e-07 8.456551733243837589e+03
6.452228062662693773e-07 8.530996188518602139e+03
6.552641626614457148e-07 8.606092680940808350e+03
6.654617888556367956e-07 8.681846405885271452e+03
6.758181168161110774e-07 8.758263703963724765e+03
6.863356163579158057e-07 8.835349300375570238e+03
6.970167957328878440e-07 8.913110239250658196e+03
7.078642022278288703e-07 8.991550732236641124e+03
7.188804227719977242e-07 9.070678408158988532e+03
7.300680845540423020e-07 9.150497752755816691e+03
7.414298556485463329e-07 9.231015512139847488e+03
7.529684456523206356e-07 9.312237072350360904e+03
7.646866063305975652e-07 9.394168968172238237e+03
7.765871322732820712e-07 9.476817096164186296e+03
7.886728615614155379e-07 9.560187653758679517e+03
8.009466764440105893e-07 9.644286831899931713e+03
8.134115040254263728e-07 9.729120590529515539e+03
8.260703169634257756e-07 9.814696031634626706e+03
8.389261341781119314e-07 9.901018767590327116e+03
8.519820215718901320e-07 9.988095252057113612e+03
8.652410927606348204e-07 1.007593260574140550e+04
8.787065098162371062e-07 1.016453632291114991e+04
8.923814840207061282e-07 1.025391378206618538e+04
9.062692766320081765e-07 1.034407172195040039e+04
9.203731996618211327e-07 1.043501611915818467e+04
9.346966166654030688e-07 1.052675403515812468e+04
9.492429435437335076e-07 1.061929229288047281e+04
9.640156493581578416e-07 1.071263774274611933e+04
9.790182571576996591e-07 1.080679720335321326e+04
9.942543448192506182e-07 1.090177774135523396e+04
1.009727545900835757e-06 1.099758622074949380e+04
1.025441550508157207e-06 1.109422698148214477e+04
1.041400106174622468e-06 1.119170262607670702e+04
1.057607018755078509e-06 1.129001685665403966e+04
1.074066153333432352e-06 1.138917074513320040e+04
1.090781435144420065e-06 1.148916791525194094e+04
1.107756850509708610e-06 1.159001034972600792e+04
1.124996447788568144e-06 1.169169970042351451e+04
1.142504338343339650e-06 1.179423921369253003e+04
1.160284697519928096e-06 1.189762944473154676e+04
1.178341765643553821e-06 1.200187402577533067e+04
1.196679849029998493e-06 1.210697377823466013e+04
1.215303321012601005e-06 1.221293034787592296e+04
1.234216622985211045e-06 1.231974529929841992e+04
1.253424265461399568e-06 1.242742030228813928e+04
1.272930829150138754e-06 1.253595639141221363e+04
1.292740966048227598e-06 1.264535490337402734e+04
1.312859400549716401e-06 1.275561676552495010e+04
1.333290930572598013e-06 1.286674283524558268e+04
1.354040428703029919e-06 1.297873395160932159e+04
1.375112843357377255e-06 1.309159064206143739e+04
1.396513199962313298e-06 1.320531331924076221e+04
1.418246602153312003e-06 1.331990229881382584e+04
1.440318232991779722e-06 1.343535758486180748e+04
1.462733356201129952e-06 1.355167951196913782e+04
1.485497317422095486e-06 1.366886715750234180e+04
1.508615545487576945e-06 1.378692133699635815e+04
1.532093553717330525e-06 1.390584046927573581e+04
1.555936941232800722e-06 1.402562423443906482e+04
1.580151394292433465e-06 1.414627167889210614e+04
1.604742687647735639e-06 1.426778176660780991e+04
1.629716685920472083e-06 1.439015320955892457e+04
1.655079345001279418e-06 1.451338438682681772e+04
1.680836713470047325e-06 1.463747432362113068e+04
1.706994934038407828e-06 1.476242051394604096e+04
1.733560245014670302e-06 1.488822138338529658e+04
1.760538981791552895e-06 1.501487430346311521e+04
1.787937578357084748e-06 1.514237711076209416e+04
1.815762568828985427e-06 1.527072708799319298e+04
1.844020589012959694e-06 1.539992136175726409e+04
1.872718377985224829e-06 1.552995614802790624e+04
1.901862779699670530e-06 1.566082995451090392e+04
1.931460744620030193e-06 1.579253737337813436e+04
1.961519331377452823e-06 1.592507653200377536e+04
1.992045708453871112e-06 1.605844169690481431e+04
2.023047155891567825e-06 1.619262931266435953e+04
2.054531067029341771e-06 1.632763488942295953e+04
2.086504950265716153e-06 1.646345424150055260e+04
2.118976430849543347e-06 1.660008165813234518e+04
2.151953252698519419e-06 1.673751228515143157e+04
2.185443280245975986e-06 1.687574060555888354e+04
2.219454500316422502e-06 1.701476097527107049e+04
2.253995024030265006e-06 1.715456601653590769e+04
2.289073088738197288e-06 1.729515382628806037e+04
2.324697059985645631e-06 1.743651335514009770e+04
2.360875433507832097e-06 1.757863947302216184e+04
2.397616837255865902e-06 1.772152549134048240e+04
2.434930033454368557e-06 1.786516367805586924e+04
2.472823920691119396e-06 1.800954645678541783e+04
2.511307536039225475e-06 1.815466598901600446e+04
2.550390057212315589e-06 1.830051411319575709e+04
2.590080804753273409e-06 1.844708124373915780e+04
2.630389244257037437e-06 1.859436180247033917e+04
2.671324988627982772e-06 1.874234193075469011e+04
2.712897800372464488e-06 1.889101844272617018e+04
2.755117593926984249e-06 1.904037681368689664e+04
2.797994438022641702e-06 1.919040809570400597e+04
2.841538558086358109e-06 1.934110287850214445e+04
2.885760338679472766e-06 1.949244993344019895e+04
2.930670325974285233e-06 1.964443844890625405e+04
2.976279230269170162e-06 1.979705755091005631e+04
3.022597928542771700e-06 1.995029535542316444e+04
3.069637467048009272e-06 2.010413991701231134e+04
3.117409063946422896e-06 2.025857949056524012e+04
3.165924111983520818e-06 2.041360128875002556e+04
3.215194181205763049e-06 2.056919208631790389e+04
3.265231021719830484e-06 2.072533973359779338e+04
3.316046566494830118e-06 2.088202956448441910e+04
3.367652934208116113e-06 2.103924840181216496e+04
3.420062432135394585e-06 2.119698203013200327e+04
3.473287559085802036e-06 2.135521531955205501e+04
3.527341008382694762e-06 2.151393418247360387e+04
3.582235670890756567e-06 2.167312295269408060e+04
3.637984638090287477e-06 2.183276601066574949e+04
3.694601205199302392e-06 2.199284636261647756e+04
3.752098874344221464e-06 2.215334864541329807e+04
3.810491357779900156e-06 2.231425966843355491e+04
3.869792581159808724e-06 2.247555690356275227e+04
3.930016686857025638e-06 2.263722629807859630e+04
3.991178037336996143e-06 2.279924810590540437e+04
4.053291218582734870e-06 2.296160434739770790e+04
4.116371043573347475e-06 2.312426901904070473e+04
4.180432555816679803e-06 2.328721506445165505e+04
4.245491032936953885e-06 2.345041495674075850e+04
4.311561990318228494e-06 2.361384167809624705e+04
4.378661184804566013e-06 2.377746660639166294e+04
4.446804618457782296e-06 2.394126063307910954e+04
4.516008542373668064e-06 2.410519217997240048e+04
4.586289460557643210e-06 2.426923822920941893e+04
4.657664133860643618e-06 2.443336121888240086e+04
4.730149583976342490e-06 2.459753202784301902e+04
4.803763097500538802e-06 2.476171619204003218e+04
4.878522230053725104e-06 2.492588747802567377e+04
4.954444810467811292e-06 2.509001098698350688e+04
5.031548945038046190e-06 2.525404863710396239e+04
5.109853021841014493e-06 2.541797091409246423e+04
5.189375715119930467e-06 2.558174179876948983e+04
5.270135989738134742e-06 2.574532592559547629e+04
5.352153105701898735e-06 2.590868745818839670e+04
5.435446622753625978e-06 2.607178949179368647e+04
5.520036405036527777e-06 2.623459742137224748e+04
5.605942625831899767e-06 2.639707210643721555e+04
5.693185772370118275e-06 2.655917053934872456e+04
5.781786650716510170e-06 2.672086727742510266e+04
5.871766390733249843e-06 2.688211467011741479e+04
5.963146451118528465e-06 2.704287440765609063e+04
6.055948624524038214e-06 2.720310404794228089e+04
6.150195042752207201e-06 2.736276822775969777e+04
6.245908182034261661e-06 2.752182060485260445e+04
6.343110868390441027e-06 2.768022462922895647e+04
6.441826283073628805e-06 2.783793448827993052e+04
6.542077968097690985e-06 2.799491002982337159e+04
6.643889831851915344e-06 2.815110755758567757e+04
6.747286154802691760e-06 2.830648347070729869e+04
6.852291595284057289e-06 2.846099109511079587e+04
6.958931195378297790e-06 2.861459755849034991e+04
7.067230386888070607e-06 2.876724581978874994e+04
7.177214997401478111e-06 2.891889656183061015e+04
7.288911256451520192e-06 2.906949857816990334e+04
7.402345801771417325e-06 2.921901907271586606e+04
7.517545685647267047e-06 2.936740013381016979e+04
7.634538381369561025e-06 2.951459966669017012e+04
7.753351789785177186e-06 2.966057044444739586e+04
7.874014245951182659e-06 2.980526460108745232e+04
7.996554525892346580e-06 2.994863676577530714e+04
8.121001853463728190e-06 3.009063719164096983e+04
8.247385907320102887e-06 3.023122026404999269e+04
8.375736827993820357e-06 3.037033623985240774e+04
8.506085225082826110e-06 3.050792526983458447e+04
8.638462184550611654e-06 3.064397484998254731e+04
8.772899276139606086e-06 3.077838888745059376e+04
8.909428560900114845e-06 3.091115879137787488e+04
9.048082598836340435e-06 3.104221870043638410e+04
9.188894456671406198e-06 3.117151288383848805e+04
9.331897715733238134e-06 3.129900418243865715e+04
9.477126479963156387e-06 3.142463423419512765e+04
9.624615384049104238e-06 3.154836086456014164e+04
9.774399601685471257e-06 3.167012878000222554e+04
9.926514853961406265e-06 3.178989200702085873e+04
1.008099741787980547e-05 3.190760093414484436e+04
1.023788413500866303e-05 3.202322191242783811e+04
1.039721242026725743e-05 3.213673322065416869e+04
1.055902027084898799e-05 3.224811815398180624e+04
1.072334627528307729e-05 3.235735631665921392e+04
1.089022962263730465e-05 3.246442921701502564e+04
1.105971011186394577e-05 3.256931824707952546e+04
1.123182816129124948e-05 3.267199764786464948e+04
1.140662481826242373e-05 3.277248058617483912e+04
1.158414176892484105e-05 3.287071607229060464e+04
1.176442134817148638e-05 3.296670874817572621e+04
1.194750654973713074e-05 3.306042478638957982e+04
1.213344103645163960e-05 3.315188358892448741e+04
1.232226915065284372e-05 3.324103755540491693e+04
1.251403592476146085e-05 3.332788433717071166e+04
1.270878709202059429e-05 3.341241415434339433e+04
1.290656909740233752e-05 3.349460980805919098e+04
1.310742910868424443e-05 3.357446307224182237e+04
1.331141502769791843e-05 3.365196015155481291e+04
1.351857550175292209e-05 3.372708804773325392e+04
1.372895993523834004e-05 3.379984115613414906e+04
1.394261850140491586e-05 3.387020930274120474e+04
1.415960215433055281e-05 3.393817954958517657e+04
1.437996264107200444e-05 3.400374592418477550e+04
1.460375251400581589e-05 3.406689976392209792e+04
1.483102514336102853e-05 3.412762820160105912e+04
1.506183472994723401e-05 3.418593979632927221e+04
1.529623631808054606e-05 3.424181241219330695e+04
1.553428580871076467e-05 3.429524224930466880e+04
1.577603997275285640e-05 3.434622999542343314e+04
1.602155646462587486e-05 3.439477219338030409e+04
1.627089383600260761e-05 3.444085604248983145e+04
1.652411154977318202e-05 3.448448309263659758e+04
1.678126999422597563e-05 3.452566228090150253e+04
1.704243049744935825e-05 3.456436243616680440e+04
1.730765534195724041e-05 3.460061425207855791e+04
1.757700777954257539e-05 3.463438892933455645e+04
1.785055204636183695e-05 3.466569863654339133e+04
1.812835337825430133e-05 3.469454840200216131e+04
1.841047802629972502e-05 3.472092272523931024e+04
1.869699327261809777e-05 3.474483857873886882e+04
1.898796744641550609e-05 3.476628369328824192e+04
1.928346994027927853e-05 3.478527066579399252e+04
1.958357122672714943e-05 3.480179756052862649e+04
1.988834287501376811e-05 3.481586529448662623e+04
2.019785756819878213e-05 3.482748060076894035e+04
2.051218912048058046e-05 3.483664669253921602e+04
2.083141249479975236e-05 3.484336789125837822e+04
2.115560382071654099e-05 3.484764929581690376e+04
2.148484041256649326e-05 3.484949524255056167e+04
2.181920078789866620e-05 3.484889660906194331e+04
2.215876468620077766e-05 3.484590862720851874e+04
2.250361308791572958e-05 3.484047385836180183e+04
2.285382823375430473e-05 3.483267521672602743e+04
2.320949364430795376e-05 3.482244400771954679e+04
2.357069413996727640e-05 3.480983445601745188e+04
2.393751586115020836e-05 3.479484793163391441e+04
2.431004628884529437e-05 3.477748755009866727e+04
2.468837426547417746e-05 3.475776370688994211e+04
2.507259001607928109e-05 3.473568076048092917e+04
2.546278516984093289e-05 3.471127656391948403e+04
2.585905278192944588e-05 3.468453677551857982e+04
2.626148735569724620e-05 3.465547833364843245e+04
2.667018486521638017e-05 3.462411089482486568e+04
2.708524277816677767e-05 3.459046492627458065e+04
2.750676007908067601e-05 3.455453396822361537e+04
2.793483729294883185e-05 3.451633679067587218e+04
2.836957650919408452e-05 3.447589407012586889e+04
2.881108140601802047e-05 3.443321311546354991e+04
2.925945727512646466e-05 3.438831112745388236e+04
2.971481104684006369e-05 3.434120317610643542e+04
3.017725131559508681e-05 3.429190649281045626e+04
3.064688836584164122e-05 3.424043513429319137e+04
3.112383419834459060e-05 3.418680582039715955e+04
3.160820255689418345e-05 3.413103584967959614e+04
3.210010895543168686e-05 3.407314239695329161e+04
3.259967070559781523e-05 3.401314257631231158e+04
3.310700694470962533e-05 3.395105432903230394e+04
3.362223866417277292e-05 3.388689091767718492e+04
3.414548873833600853e-05 3.382068339626200031e+04
3.467688195379469568e-05 3.375242181251906004e+04
3.521654503915038506e-05 3.368218377393813716e+04
3.576460669523349903e-05 3.360993196708441974e+04
3.632119762579640390e-05 3.353570219795475714e+04
3.688645056868408012e-05 3.345951995496325981e+04
3.746050032748996612e-05 3.338140904248844890e+04
3.804348380370432809e-05 3.330138202322489087e+04
3.863554002936332791e-05 3.321946142819821398e+04
3.923681020020542315e-05 3.313566889878579241e+04
3.984743770934458587e-05 3.305002213825537910e+04
4.046756818146702173e-05 3.296255889793021197e+04
4.109734950756062534e-05 3.287332496873624041e+04
4.173693188018407695e-05 3.278237622258765623e+04
4.238646782928562280e-05 3.268976817361806025e+04
4.304611225857891868e-05 3.259556000752199179e+04
4.371602248248502334e-05 3.249980629926211259e+04
4.439635826364930386e-05 3.240256195330754781e+04
4.508728185104225148e-05 3.230388100573033080e+04
4.578895801865317318e-05 3.220382020332304091e+04
4.650155410478612364e-05 3.210243398091034396e+04
4.722524005196734751e-05 3.199977483031163138e+04
4.796018844747379343e-05 3.189589778294183998e+04
4.870657456449235584e-05 3.179085964880514439e+04
4.946457640391958887e-05 3.168470437635155031e+04
5.023437473681238204e-05 3.157749486573419563e+04
5.101615314749833907e-05 3.146927623267429954e+04
5.181009807735799616e-05 3.136010443712410779e+04
5.261639886928789204e-05 3.125002884767525393e+04
5.343524781285613836e-05 3.113910103718306709e+04
5.426684019015971962e-05 3.102737229215509797e+04
5.511137432239651262e-05 3.091488973409819664e+04
5.596905161716153273e-05 3.080170341051327705e+04
5.684007661647938730e-05 3.068786445674081915e+04
5.772465704558415089e-05 3.057341868158902071e+04
5.862300386245850058e-05 3.045841375015906669e+04
5.953533130814369864e-05 3.034289990643384590e+04
6.046185695783263343e-05 3.022692067858676455e+04
6.140280177275789231e-05 3.011052333333218121e+04
6.235839015288742947e-05 2.999375324599472515e+04
6.332884999044035158e-05 2.987665539343516139e+04
6.431441272423522144e-05 2.975927991883747018e+04
6.531531339488511013e-05 2.964168667615795493e+04
6.633179070085004972e-05 2.952385714880029991e+04
6.736408705536329870e-05 2.940586718683039726e+04
6.841244864424264171e-05 2.928779706029270892e+04
6.947712548460225463e-05 2.916967962319108483e+04
7.055837148447687164e-05 2.905144675437210753e+04
7.165644450337523550e-05 2.893331872705050409e+04
7.277160641377527226e-05 2.881516037333640634e+04
7.390412316357637256e-05 2.869711277953167883e+04
7.505426483952361955e-05 2.857927936375303398e+04
7.622230573161911508e-05 2.846148474870468635e+04
7.740852439853558305e-05 2.834390817256243463e+04
7.861320373404814702e-05 2.822660343177962932e+04
7.983663103449979974e-05 2.810959555518918205e+04
8.107909806731694959e-05 2.799292208003542692e+04
8.234090114059114428e-05 2.787651751120260451e+04
8.362234117374356022e-05 2.776049255294733302e+04
8.492372376929005191e-05 2.764489812695366709e+04
8.624535928572131689e-05 2.752976871590890369e+04
8.758756291151901987e-05 2.741510469275548894e+04
8.895065474032277041e-05 2.730097191610045047e+04
9.033495984726788990e-05 2.718734689131669074e+04
9.174080836650951249e-05 2.707429400231476393e+04
9.316853556995485319e-05 2.696187372863084238e+04
9.461848194721991974e-05 2.685005638167687721e+04
9.609099328683073937e-05 2.673890791188175717e+04
9.758642075868822336e-05 2.662846494323399747e+04
9.910512099781653708e-05 2.651873857283485995e+04
1.006474561894146269e-04 2.640977830175522467e+04
1.022137941552314768e-04 2.630149648545662058e+04
1.038045084412858837e-04 2.619405949785163102e+04
1.054199784069505659e-04 2.608728704694757835e+04
1.070605893154235358e-04 2.598131169242506803e+04
1.087267324256068607e-04 2.587605108953006129e+04
1.104188050854160164e-04 2.577149692070137098e+04
1.121372108265401320e-04 2.566769661935295153e+04
1.138823594606782149e-04 2.556460916468268988e+04
1.156546671772722514e-04 2.546224094942594456e+04
1.174545566427621614e-04 2.536055857992452729e+04
1.192824571013840205e-04 2.525957274485552261e+04
1.211388044775383552e-04 2.515930142028586488e+04
1.230240414797507118e-04 2.505968671802331664e+04
1.249386177062508977e-04 2.496078389969265481e+04
1.268829897521940846e-04 2.486254792916433871e+04
1.288576213185518003e-04 2.476497468493392807e+04
1.308629833226969039e-04 2.466807404482939455e+04
1.328995540107095032e-04 2.457183651612516041e+04
1.349678190714314989e-04 2.447625702894701317e+04
1.370682717522944780e-04 2.438132607666128752e+04
1.392014129769518006e-04 2.428703989715977877e+04
1.413677514647404402e-04 2.419338822790107224e+04
1.435678038520027194e-04 2.410037824443560385e+04
1.458020948152948546e-04 2.400799462008313640e+04
1.480711571965143494e-04 2.391623409663356142e+04
1.503755321299736936e-04 2.382509222350940763e+04
1.527157691714527035e-04 2.373456871633900300e+04
1.550924264292576939e-04 2.364465325675995700e+04
1.575060706973218229e-04 2.355534383346244795e+04
1.599572775903760193e-04 2.346663370948989177e+04
1.624466316812234786e-04 2.337851902174486895e+04
1.649747266401514203e-04 2.329099517219053814e+04
1.675421653765108419e-04 2.320405762533901361e+04
1.701495601825010805e-04 2.311774246546450740e+04
1.727975328791912454e-04 2.303212065737916419e+04
1.754867149648150332e-04 2.294683425197521501e+04
1.782177477653717492e-04 2.286212997617754809e+04
1.809912825875727290e-04 2.277801092990296456e+04
1.838079808741670154e-04 2.269448420489459386e+04
1.866685143616854284e-04 2.261154227984924364e+04
1.895735652406375352e-04 2.252923270223549116e+04
1.925238263182038026e-04 2.244734918075274254e+04
1.955200011834583318e-04 2.236605458671256929e+04
1.985628043751641602e-04 2.228515145462825240e+04
2.016529615521779682e-04 2.220488127037763843e+04
2.047912096665085318e-04 2.212519369740677939e+04
2.079782971390677115e-04 2.204602553276991239e+04
2.112149840381561500e-04 2.196742423406904709e+04
2.145020422607282697e-04 2.188913557721692632e+04
2.178402557164756516e-04 2.181148097770392997e+04
2.212304205147775618e-04 2.173439274541472696e+04
2.246733451545596322e-04 2.165772847062359870e+04
2.281698507171084833e-04 2.158166285235281248e+04
2.317207710618849519e-04 2.150593041551731221e+04
2.353269530253867734e-04 2.143089561984000102e+04
2.389892566231047904e-04 2.135620983818840614e+04
2.427085552546235649e-04 2.128197233876680912e+04
2.464857359119115507e-04 2.120838789759934662e+04
2.503216993908549811e-04 2.113509629397257595e+04
2.542173605060827181e-04 2.106238808483623870e+04
2.581736483091352677e-04 2.099019376009616462e+04
2.621915063100273215e-04 2.091831349196049996e+04
2.662718927022600401e-04 2.084706736501780324e+04
2.704157805913346584e-04 2.077611736112214567e+04
2.746241582268217868e-04 2.070577788586901079e+04
2.788980292380439777e-04 2.063578869037516415e+04
2.832384128734230597e-04 2.056624701093238400e+04
2.876463442435557702e-04 2.049720262883473333e+04
2.921228745680696766e-04 2.042861665483346587e+04
2.966690714263234079e-04 2.036041362242548712e+04
3.012860190120049712e-04 2.029271431643408141e+04
3.059748183916954304e-04 2.022541978896977162e+04
3.107365877674547034e-04 2.015850619251834360e+04
3.155724627434956689e-04 2.009207304165988171e+04
3.204835965970056176e-04 2.002603645708841941e+04
3.254711605531848163e-04 1.996042277698479302e+04
3.305363440645647430e-04 1.989526717146210285e+04
3.356803550946723465e-04 1.983047030587872359e+04
3.409044204061113456e-04 1.976611543272592098e+04
3.462097858531227473e-04 1.970219103296624962e+04
3.515977166787021576e-04 1.963863525245953133e+04
3.570694978163389387e-04 1.957549593956989338e+04
3.626264341964532674e-04 1.951275522733439357e+04
3.682698510575985336e-04 1.945040157424745121e+04
3.740010942625106110e-04 1.938844480381215908e+04
3.798215306190732242e-04 1.932690536514103587e+04
3.857325482062810558e-04 1.926573607353867919e+04
3.917355567052713348e-04 1.920491953542560441e+04
3.978319877355116743e-04 1.914452784143428289e+04
4.040232951962167995e-04 1.908450357261538738e+04
4.103109556130813892e-04 1.902484328130425274e+04
4.166964684904053066e-04 1.896556531706708847e+04
4.231813566687019643e-04 1.890666454352859728e+04
4.297671666878708700e-04 1.884811690467023436e+04
4.364554691560214674e-04 1.878993275378810358e+04
4.432478591240396164e-04 1.873212009409888560e+04
4.501459564659779735e-04 1.867467198508130241e+04
4.571514062653719173e-04 1.861758598395276204e+04
4.642658792075635794e-04 1.856084319509311899e+04
4.714910719781352467e-04 1.850445366064828340e+04
4.788287076675383286e-04 1.844842243274660359e+04
4.862805361820239777e-04 1.839273379842469149e+04
4.938483346609664386e-04 1.833738881310688157e+04
5.015339079006833145e-04 1.828238791864386076e+04
5.093390887848475669e-04 1.822772376022940443e+04
5.172657387216019441e-04 1.817339897840806952e+04
5.253157480874735266e-04 1.811940739710205162e+04
5.334910366781997352e-04 1.806575028889742316e+04
5.417935541665651160e-04 1.801241938760604899e+04
5.502252805673684896e-04 1.795941980146484639e+04
5.587882267096236800e-04 1.790674581852178380e+04
5.674844347161088574e-04 1.785439194629696431e+04
5.763159784903814807e-04 1.780236215354348315e+04
5.852849642113674760e-04 1.775064877673736919e+04
5.943935308356523709e-04 1.769925318177657755e+04
6.036438506075863814e-04 1.764817039757942257e+04
6.130381295773318232e-04 1.759739885324069110e+04
6.225786081269662521e-04 1.754693758937357416e+04
6.322675615047794635e-04 1.749678331357931529e+04
6.421073003678817682e-04 1.744693392936766031e+04
6.521001713332605886e-04 1.739738755607787971e+04
6.622485575374062634e-04 1.734823792887257150e+04
6.725548792046541881e-04 1.729941306783622713e+04
6.830215942243666712e-04 1.725060537118689172e+04
6.936511987371031529e-04 1.720222808094387074e+04
7.044462277299036847e-04 1.715423774048760242e+04
7.154092556408458070e-04 1.710637084465368389e+04
7.265428969730044952e-04 1.705902749590098028e+04
7.378498069179679391e-04 1.701180089188140482e+04
7.493326819890605084e-04 1.696475641197291043e+04
7.609942606644125524e-04 1.691812101503998201e+04
7.728373240400452987e-04 1.687193195865579037e+04
7.848646964931161370e-04 1.682577808165097304e+04
7.970792463554886515e-04 1.678003974617494168e+04
8.094838865977788643e-04 1.673441782633955518e+04
8.220815755240540919e-04 1.668912094190467542e+04
8.348753174773382605e-04 1.664414015028388167e+04
8.478681635561024664e-04 1.659942180589561758e+04
8.610632123418966895e-04 1.655513698046873105e+04
8.744636106383144557e-04 1.651084620241144512e+04
8.880725542214521016e-04 1.646698956111454027e+04
9.018932886020532454e-04 1.642325966657858953e+04
9.159291097995040211e-04 1.637982450771803269e+04
9.301833651278843158e-04 1.633671108093188013e+04
9.446594539942455545e-04 1.629380149883030026e+04
9.593608287093136587e-04 1.625129462940224948e+04
9.742909953108124443e-04 1.620880721493080637e+04
9.894535143995899281e-04 1.616679945400648830e+04
1.004852001988768397e-03 1.612490719705000811e+04
1.020490130366101360e-03 1.608319242008998299e+04
1.036371628969759212e-03 1.604186900783892997e+04
1.052500285277732693e-03 1.600066220913547659e+04
1.068879945711088660e-03 1.595977114846923541e+04
1.085514516551276459e-03 1.591908284713446665e+04
1.102407964871716939e-03 1.587868648595499690e+04
1.119564319483878348e-03 1.583848137272675012e+04
1.136987671898085023e-03 1.579853877896385893e+04
1.154682177299276580e-03 1.575881914745981157e+04
1.172652055537949179e-03 1.571934112780991927e+04
1.190901592136525862e-03 1.568008018425112641e+04
1.209435139311376911e-03 1.564105514957771265e+04
1.228257117010757163e-03 1.560229494258072009e+04
1.247372013968888393e-03 1.556370958567503840e+04
1.266784388776454572e-03 1.552540565789862922e+04
1.286498870967743742e-03 1.548728388032775729e+04
1.306520162124721234e-03 1.544940571518824072e+04
1.326853036998277722e-03 1.541166322522805240e+04
1.347502344646934243e-03 1.537422262192512790e+04
1.368473009593256353e-03 1.533702224312744875e+04
1.389770032998276445e-03 1.529993345368458358e+04
1.411398493854186835e-03 1.526313652031347010e+04
1.433363550195602618e-03 1.522650619159668531e+04
1.455670440329659074e-03 1.519015273965869164e+04
1.478324484085268660e-03 1.515399189467677388e+04
1.501331084081812322e-03 1.511802958645235958e+04
1.524695727017573053e-03 1.508224933127973236e+04
1.548423984978231300e-03 1.504664103719521700e+04
1.572521516765706950e-03 1.501132097200953103e+04
1.596994069247696137e-03 1.497614665239418537e+04
1.621847478728204043e-03 1.494123122907687684e+04
1.647087672339412646e-03 1.490643709242229670e+04
1.672720669455196943e-03 1.487192268361047536e+04
1.698752583126651988e-03 1.483757396424311446e+04
1.725189621539954072e-03 1.480337465606954356e+04
1.752038089496917722e-03 1.476943952722119502e+04
1.779304389918577242e-03 1.473567937428933328e+04
1.806995025372186816e-03 1.470206069474251308e+04
1.835116599621972001e-03 1.466871649719761263e+04
1.863675819204027280e-03 1.463549321789872738e+04
1.892679495025704648e-03 1.460250286121212048e+04
1.922134543989910882e-03 1.456966874518008808e+04
1.952047990644673655e-03 1.453702570375115465e+04
1.982426968858380482e-03 1.450457920876474964e+04
2.013278723521096190e-03 1.447230063388925919e+04
2.044610612272341425e-03 1.444021741597791515e+04
2.076430107255774777e-03 1.440833349253613960e+04
2.108744796901176194e-03 1.437659912459132102e+04
2.141562387734163853e-03 1.434504607580825905e+04
2.174890706214069498e-03 1.431370017401956829e+04
2.208737700600439322e-03 1.428251188381033535e+04
2.243111442848537244e-03 1.425148781783945742e+04
2.278020130534392715e-03 1.422063262008440324e+04
2.313472088809782889e-03 1.418997010532705099e+04
2.349475772387646638e-03 1.415946781715921861e+04
2.386039767558394836e-03 1.412915529199407501e+04
2.423172794237600514e-03 1.409899864155779505e+04
2.460883708045557162e-03 1.406900871498004926e+04
2.499181502419191812e-03 1.403918372449033996e+04
2.538075310756876708e-03 1.400952092906487269e+04
2.577574408596561978e-03 1.398004116079389860e+04
2.617688215827862486e-03 1.395072100194931409e+04
2.658426298938541214e-03 1.392155434744652484e+04
2.699798373295961632e-03 1.389255121802173744e+04
2.741814305464042052e-03 1.386370556032306376e+04
2.784484115556271847e-03 1.383503156263183701e+04
2.827817979625338145e-03 1.380651264794785311e+04
2.871826232089971873e-03 1.377815205594571307e+04
2.916519368199502801e-03 1.374994335889273134e+04
2.961908046536827419e-03 1.372189053325810710e+04
3.008003091560302721e-03 1.369399461530507142e+04
3.054815496185201654e-03 1.366625399170464152e+04
3.102356424405343024e-03 1.363866486387676014e+04
3.150637213955523840e-03 1.361122147301079895e+04
3.199669379015382484e-03 1.358393524850728863e+04
3.249464612955335445e-03 1.355680012225764767e+04
3.300034791125281905e-03 1.352981030722519063e+04
3.351391973686642604e-03 1.350297046359846536e+04
3.403548408488535262e-03 1.347627699036138620e+04
3.456516533988682020e-03 1.344972774727511751e+04
3.510308982219776611e-03 1.342332379224777105e+04
3.564938581802019456e-03 1.339706592600813383e+04
3.620418361002533236e-03 1.337094830200757315e+04
3.676761550842384471e-03 1.334497449774917914e+04
3.733981588251994357e-03 1.331914282441809155e+04
3.792092119275585881e-03 1.329345031008546357e+04
3.851107002325568872e-03 1.326789750150551299e+04
3.911040311487539063e-03 1.324248333059350261e+04
3.971906339876716922e-03 1.321720659307827373e+04
4.033719603046622901e-03 1.319206686989860646e+04
4.096494842450800963e-03 1.316706288618499275e+04
4.160247028958410052e-03 1.314219417882479320e+04
4.224991366424527862e-03 1.311745936908929070e+04
4.290743295316055972e-03 1.309285784938367760e+04
4.357518496393963589e-03 1.306838878483848930e+04
4.425332894452930696e-03 1.304411633261311727e+04
4.494202662119141725e-03 1.302003947856916238e+04
4.564144223707195143e-03 1.299580072016829763e+04
4.635174259137027526e-03 1.297197069913149062e+04
4.707309707911810567e-03 1.294805452813068405e+04
4.780567773157730002e-03 1.292447388391431741e+04
4.854965925726691632e-03 1.290086679616748916e+04
4.930521908362774097e-03 1.287743274636663409e+04
5.007253739933625360e-03 1.285411715901051502e+04
5.085179719727656381e-03 1.283080073504703614e+04
5.164318431818121398e-03 1.280790834415125937e+04
5.244688749495118700e-03 1.278482183281777361e+04
5.326309839766560535e-03 1.276200495088412936e+04
5.409201167929191152e-03 1.273938549553313896e+04
5.493382502210730246e-03 1.271677308006208477e+04
5.578873918484320536e-03 1.269428757284290441e+04
5.665695805056223180e-03 1.267188121242306261e+04
5.753868867528145331e-03 1.264980020875028094e+04
5.843414133735174744e-03 1.262759325519371851e+04
5.934352958760574781e-03 1.260556784633331335e+04
6.026707030028621154e-03 1.258381884364841062e+04
6.120498372476702517e-03 1.256191586328682388e+04
6.215749353807894020e-03 1.254026803672386814e+04
6.312482689825336078e-03 1.251883578017283253e+04
6.410721449849512109e-03 1.249737630198956685e+04
6.510489062219951793e-03 1.247603130154085375e+04
6.611809319882495234e-03 1.245485281018538444e+04
6.714706386063522270e-03 1.243382258646413175e+04
6.819204800032487891e-03 1.241278990288735440e+04
6.925329482954135051e-03 1.239187014390922741e+04
7.033105743831788263e-03 1.237123231828069765e+04
7.142559285543119245e-03 1.235051718345199879e+04
7.253716210969925887e-03 1.232992389247162464e+04
7.366603029223151890e-03 1.230959938318161403e+04
7.481246661964938149e-03 1.228920362932574608e+04
7.597674449828983531e-03 1.226892305856365056e+04
7.715914158940837854e-03 1.224891311701653285e+04
7.835993987539670996e-03 1.222883882130012898e+04
7.957942572703094117e-03 1.220887824025201735e+04
8.081788997176613323e-03 1.218915940615015825e+04
8.207562796309459188e-03 1.216940644246352895e+04
8.335293965098187693e-03 1.214977132868255649e+04
8.465012965340055345e-03 1.213030989506259539e+04
8.596750732897654249e-03 1.211088378500897488e+04
8.730538685076604313e-03 1.209151695826286232e+04
8.866408728118061605e-03 1.207233952728456825e+04
9.004393264807848685e-03 1.205325649706468721e+04
9.144525202203979825e-03 1.203415821263129510e+04
9.286837959484440727e-03 1.201525686431012036e+04
9.431365475917195124e-03 1.199649930813679202e+04
9.578142218954024609e-03 1.197771513264347050e+04
9.727203192450536648e-03 1.195904862943717126e+04
9.878583945013992215e-03 1.194058476065919240e+04
1.003232057848106422e-02 1.192213835664011458e+04
1.018844975652753553e-02 1.190372601537690571e+04
1.034700871341199049e-02 1.188548102851789736e+04
1.050803526285557475e-02 1.186735196819446355e+04
1.067156780705993437e-02 1.184919891430210919e+04
1.083764534586558782e-02 1.183124445486534387e+04
1.100630748605263380e-02 1.181334085872100513e+04
1.117759445078639856e-02 1.179552749391507678e+04
1.135154708920999012e-02 1.177785908348765042e+04
1.152820688618614448e-02 1.176020738880029603e+04
1.170761597219069361e-02 1.174261466161201679e+04
1.188981713335998842e-02 1.172518755839738151e+04
1.207485382169467755e-02 1.170785284832583056e+04
1.226277016542239202e-02 1.169053837021391882e+04
1.245361097952146258e-02 1.167335865880739220e+04
1.264742177640865509e-02 1.165621570622311629e+04
1.284424877679311502e-02 1.163919029433107062e+04
1.304413892069925321e-02 1.162225635327285090e+04
1.324713987866117486e-02 1.160542283991069417e+04
1.345330006309132000e-02 1.158862941764865354e+04
1.366266863982603524e-02 1.157194029980993946e+04
1.387529553985079704e-02 1.155531022255834978e+04
1.409123147120804227e-02 1.153875092569261142e+04
1.431052793109004531e-02 1.152230002153014175e+04
1.453323721812026757e-02 1.150595207889088124e+04
1.475941244482569664e-02 1.148967028997706984e+04
1.498910755030331485e-02 1.147344677765754022e+04
1.522237731308369486e-02 1.145733004943944798e+04
1.545927736419478588e-02 1.144127293110974824e+04
1.569986420042896597e-02 1.142529106443574346e+04
1.594419519781673997e-02 1.140938673059403664e+04
1.619232862530979589e-02 1.139355032992661836e+04
1.644432365867731435e-02 1.137780554216585006e+04
1.670024039461839513e-02 1.136212914104349875e+04
1.696013986509414817e-02 1.134652040579660570e+04
1.722408405188280769e-02 1.133100358333552140e+04
1.749213590136138030e-02 1.131555335136496979e+04
1.776435933951732091e-02 1.130016952500663683e+04
1.804081928719381001e-02 1.128487519859853273e+04
1.832158167557244519e-02 1.126964570055237891e+04
1.860671346189655267e-02 1.125448263767908065e+04
1.889628264543952510e-02 1.123940129776808499e+04
1.919035828372150573e-02 1.122438435218211998e+04
1.948901050897847848e-02 1.120943610854371764e+04
1.979231054488767363e-02 1.119455252875211409e+04
2.010033072355322387e-02 1.117974058042474462e+04
2.041314450275617115e-02 1.116499227035084550e+04
2.073082648347310611e-02 1.115033958276745398e+04
2.105345242766703748e-02 1.113574960277504397e+04
2.138109927635553978e-02 1.112120984894193680e+04
2.171384516795989497e-02 1.110675321982819332e+04
2.205176945693982163e-02 1.109234338557288538e+04
2.239495273271823253e-02 1.107800866885062351e+04
2.274347683890047545e-02 1.106376477361379148e+04
2.309742489279272004e-02 1.104956463483249900e+04
2.345688130522400466e-02 1.103541280141791503e+04
2.382193180067704308e-02 1.102136058662182768e+04
2.419266343773184003e-02 1.100736038226834899e+04
2.456916462982790261e-02 1.099340293500115331e+04
2.495152516634937742e-02 1.097954126674280451e+04
2.533983623403834179e-02 1.096572754716951385e+04
2.573419043874135628e-02 1.095196932660517996e+04
2.613468182749444091e-02 1.093829019854970102e+04
2.654140591095170698e-02 1.092464877621418782e+04
2.695445968616330679e-02 1.091109760986650326e+04
2.737394165970731541e-02 1.089758028495325743e+04
2.779995187118216096e-02 1.088414826085898858e+04
2.823259191706437368e-02 1.087075814136765985e+04
2.867196497493769772e-02 1.085743658977757514e+04
2.911817582809924851e-02 1.084416526935061665e+04
2.957133089054862427e-02 1.083096012076168881e+04
3.003153823236590428e-02 1.081781721078955343e+04
3.049890760548453275e-02 1.080472584699338222e+04
3.097355046986561763e-02 1.079169713568284715e+04
3.145558002007893539e-02 1.077871852528852287e+04
3.194511121229821893e-02 1.076579691895301585e+04
3.244226079171629723e-02 1.075293862888045442e+04
3.294714732038690058e-02 1.074013445958188640e+04
3.345989120549974771e-02 1.072738468074238699e+04
3.398061472809574962e-02 1.071468902611413432e+04
3.450944207222891857e-02 1.070204743627611788e+04
3.504649935458254567e-02 1.068946645411787540e+04
3.559191465454553810e-02 1.067693758256924957e+04
3.614581804475754112e-02 1.066445876380455775e+04
3.670834162212908286e-02 1.065203226691019881e+04
3.727961953934449957e-02 1.063966498762023912e+04
3.785978803685519783e-02 1.062734212354637202e+04
3.844898547537074079e-02 1.061507973726866658e+04
3.904735236885564093e-02 1.060286215909842758e+04
3.965503141803954773e-02 1.059069964131258712e+04
4.027216754444938596e-02 1.057858712607126836e+04
4.089890792497025834e-02 1.056652599615483268e+04
4.153540202694509104e-02 1.055451572408068932e+04
4.218180164382002301e-02 1.054255636091764791e+04
4.283826093134469881e-02 1.053064467417086053e+04
4.350493644433590934e-02 1.051878251944972362e+04
4.418198717401329578e-02 1.050696766972845580e+04
4.486957458591615128e-02 1.049520344380989809e+04
4.556786265841059058e-02 1.048348680838031760e+04
4.627701792179525486e-02 1.047181912114108673e+04
4.699720949801636238e-02 1.046019678821585330e+04
4.772860914100045954e-02 1.044862229720519645e+04
4.847139127761494748e-02 1.043709560063042954e+04
4.922573304926601556e-02 1.042561372186110566e+04
4.999181435414398744e-02 1.041417902968717681e+04
5.076981789012608576e-02 1.040278949485385056e+04
5.155992919834680860e-02 1.039144560112829276e+04
5.236233670744685348e-02 1.038014653776765590e+04
5.317723177850966487e-02 1.036889197995768882e+04
5.400480875069833125e-02 1.035768185213294782e+04
5.484526498760219221e-02 1.034651566864773849e+04
5.569880092430485458e-02 1.033539313146354652e+04
5.656562011518465050e-02 1.032431386482079142e+04
5.744592928245906976e-02 1.031327759928848536e+04
5.833993836548448386e-02 1.030228394931853290e+04
5.924786057082373492e-02 1.029137750703999882e+04
6.016991242309170651e-02 1.028043160709845142e+04
6.110631381659340639e-02 1.026970177750734911e+04
6.205728806776500406e-02 1.025882831440129303e+04
6.302306196843118768e-02 1.024804358896438862e+04
6.400386583989127465e-02 1.023733940357017127e+04
6.499993358784712794e-02 1.022651724200320859e+04
6.601150275818580548e-02 1.021597485781145224e+04
6.703881459363025819e-02 1.020526840651621751e+04
6.808211409127229441e-02 1.019473806777952814e+04
6.914165006099963484e-02 1.018418862411673581e+04
7.021767518483344739e-02 1.017363199711536799e+04
7.131044607718883821e-02 1.016323252698126998e+04
7.242022334607314815e-02 1.015267121386064900e+04
7.354727165523675114e-02 1.014240266451720345e+04
7.469185978729095399e-02 1.013198669164915191e+04
7.585426070780819374e-02 1.012170161283579910e+04
7.703475163042042273e-02 1.011142428499486596e+04
7.823361408292915653e-02 1.010113094792541051e+04
7.945113397444579506e-02 1.009098586844184501e+04
8.068760166357624719e-02 1.008069220615332051e+04
8.194331202766655387e-02 1.007067311765790328e+04
8.321856453312646840e-02 1.006049810591030109e+04
8.451366330684721706e-02 1.005048738665554993e+04
8.582891720873080110e-02 1.004043419363059184e+04
8.716463990534790984e-02 1.003042954222851040e+04
8.852114994474290233e-02 1.002049223049834654e+04
8.989877083240133127e-02 1.001050025317860855e+04
9.129783110840140881e-02 1.000067305501444571e+04
9.271866442576519318e-02 9.990699790225271499e+03
9.416160963002948026e-02 9.980977173275152381e+03
9.562701084005491292e-02 9.971103246946408035e+03
9.711521753009264013e-02 9.961404616096277095e+03
9.862658461312830138e-02 9.951631438422404244e+03
1.001614725255227240e-01 9.941955342778779595e+03
1.017202473129709267e-01 9.932277573621184274e+03
1.033032807177968332e-01 9.922628951407083150e+03
1.049109502676085492e-01 9.913041420583909712e+03
1.065436393653323155e-01 9.903424795205375631e+03
1.082017373806478805e-01 9.893922479487975579e+03
1.098856397428467496e-01 9.884342002335553843e+03
1.115957480351356806e-01 9.874920027273901724e+03
1.133324700904074084e-01 9.865379444313795830e+03
1.150962200885031206e-01 9.856033074556280553e+03
1.168874186549861693e-01 9.846541250811667851e+03
1.187064929614553149e-01 9.837260410486032924e+03
1.205538768274179856e-01 9.827840655012163552e+03
1.224300108237490747e-01 9.818600730529722568e+03
1.243353423777599359e-01 9.809248478925597738e+03
1.262703258799025008e-01 9.800052338297131428e+03
1.282354227921339573e-01 9.790763138753465682e+03
1.302311017579676211e-01 9.781613576011537589e+03
1.322578387142378242e-01 9.772383076032088866e+03
1.343161170046015263e-01 9.763282432030689961e+03
1.364064274948088851e-01 9.754106396924018554e+03
1.385292686897664494e-01 9.745056846672881875e+03
1.406851468524224491e-01 9.735931105238563759e+03
1.428745761245023282e-01 9.726934611263461193e+03
1.450980786491229968e-01 9.717855119824373105e+03
1.473561846953152232e-01 9.708913223402656513e+03
1.496494327844853089e-01 9.699875977455943939e+03
1.519783698188418852e-01 9.690990342640237941e+03
1.543435512118243313e-01 9.681991443847879054e+03
1.567455410205594868e-01 9.673163136438943184e+03
1.591849120803801032e-01 9.664225591794718639e+03
1.616622461414366219e-01 9.655428896905163128e+03
1.641781340074352502e-01 9.646554831179053508e+03
1.667331756765348116e-01 9.637784767938421282e+03
1.693279804844362857e-01 9.628974698705169430e+03
1.719631672497007879e-01 9.620227731804878204e+03
1.746393644213255214e-01 9.611482020003222715e+03
1.773572102286200547e-01 9.602754661662445869e+03
1.801173528334132912e-01 9.594073530648778615e+03
1.829204504846293766e-01 9.585362260522189899e+03
1.857671716752693214e-01 9.576745997350219113e+03
1.886581953018357793e-01 9.568051957634690552e+03
1.915942108262381760e-01 9.559495815626029071e+03
1.945759184402199304e-01 9.550869810689006044e+03
1.976040292323401892e-01 9.542319577440914145e+03
2.006792653575585061e-01 9.533761112679629150e+03
2.038023602094565789e-01 9.525213517460742878e+03
2.069740585951406198e-01 9.516722267758144881e+03
2.101951169128657426e-01 9.508174037501266866e+03
2.134663033324245562e-01 9.499749383575501270e+03
2.167883979783430670e-01 9.491266399710795667e+03
2.201621931159272738e-01 9.482838561695458338e+03
2.235884933402072228e-01 9.474423673573426640e+03
2.270681157678171580e-01 9.465985903761102236e+03
2.306018902318661967e-01 9.457638071847512037e+03
2.341906594798396080e-01 9.449242742431617444e+03
2.378352793745802662e-01 9.440905562145133445e+03
2.415366190983979922e-01 9.432577955809396371e+03
2.452955613603552965e-01 9.424221914275722156e+03
2.491130026067785996e-01 9.415960761001024366e+03
2.529898532350480234e-01 9.407660843857474902e+03
2.569270378107093578e-01 9.399386865470363773e+03
2.609254952879697109e-01 9.391153224782985490e+03
2.649861792336223876e-01 9.382887060927974744e+03
2.691100580544568688e-01 9.374682986153822640e+03
2.732981152282081827e-01 9.366482457939440792e+03
2.775513495381000117e-01 9.358254820608295631e+03
2.818707753110385461e-01 9.350109015123602148e+03
2.862574226595118176e-01 9.341945922935352428e+03
2.907123377272575193e-01 9.333762121748231948e+03
2.952365829387474383e-01 9.325661685492026663e+03
2.998312372525606673e-01 9.317539185181221910e+03
3.044973964186971083e-01 9.309398232159177496e+03
3.092361732398958840e-01 9.301335952247425666e+03
3.140486978370206628e-01 9.293256222823512871e+03
3.189361179185749573e-01 9.285161498319264865e+03
3.238995990544111803e-01 9.277125184020262168e+03
3.289403249537029006e-01 9.269089478619636793e+03
3.340594977472358118e-01 9.261041617520684667e+03
3.392583382740991804e-01 9.253021258202483295e+03
3.445380863728352838e-01 9.245029976386344060e+03
3.499000011771207230e-01 9.237028916131572259e+03
3.553453614160489993e-01 9.229020568408472172e+03
3.608754657190869075e-01 9.221067508937587263e+03
3.664916329257760785e-01 9.213112464225738222e+03
3.721952024002541659e-01 9.205151772989676829e+03
3.779875343506741148e-01 9.197190687670581610e+03
3.838700101535872933e-01 9.189280207530899133e+03
3.898440326833820802e-01 9.181365344467829345e+03
3.959110266468458539e-01 9.173447898072918179e+03
4.020724389229341500e-01 9.165529520427273383e+03
4.083297389078277551e-01 9.157647643479607723e+03
4.146844188653597274e-01 9.149774298679240019e+03
4.211379942828950007e-01 9.141900529976081089e+03
4.276920042327527760e-01 9.134027618027790595e+03
4.343480117392450879e-01 9.126156734803535073e+03
4.411076041514359614e-01 9.118318928042461266e+03
4.479723935216973763e-01 9.110487141452225842e+03
4.549440169901574071e-01 9.102657259093433822e+03
4.620241371751312998e-01 9.094830165382862106e+03
4.692144425696290200e-01 9.087006762427226931e+03
4.765166479440331448e-01 9.079187661883193869e+03
4.839324947550424083e-01 9.071389014874202985e+03
4.914637515609849294e-01 9.063600919226519181e+03
4.991122144435843899e-01 9.055816383569750542e+03
5.068797074363002864e-01 9.048035930136993557e+03
5.147680829593287433e-01 9.040259944037756213e+03
5.227792222613750761e-01 9.032488820149857929e+03
5.309150358683002446e-01 9.024722817787136592e+03
5.391774640387505535e-01 9.016962149018932905e+03
5.475684772268774037e-01 9.009206938710882241e+03
5.560900765522571731e-01 9.001457275268283411e+03
5.647442942771305763e-01 8.993713214710553075e+03
5.735331942910566472e-01 8.985974686007961282e+03
5.824588726031213470e-01 8.978241592462911285e+03
5.915234578418008260e-01 8.970514288243024566e+03
6.007291117626037957e-01 8.962791193418473995e+03
6.100780297636154703e-01 8.955073331495286766e+03
6.195724414090639787e-01 8.947360112421340091e+03
6.292146109610337046e-01 8.939651131823160540e+03
6.390068379194598913e-01 8.931946002492417392e+03
6.489514575705143118e-01 8.924244362458393880e+03
6.590508415435375467e-01 8.916545717248134679e+03
6.693073983766333335e-01 8.908849553454761917e+03
6.797235740910648749e-01 8.901155410081077207e+03
6.903018527745909960e-01 8.893462643537885015e+03
7.010447571738811501e-01 8.885770712789566460e+03
7.119548492961483843e-01 8.878078956680365081e+03
7.230347310201453714e-01 8.870392212464079421e+03
7.342870447166758296e-01 8.862714429494162687e+03
7.457144738787475635e-01 8.855035409460093433e+03
7.573197437615479810e-01 8.847354312417503024e+03
7.691056220323713166e-01 8.839670358606037553e+03
7.810749194306622067e-01 8.831995220180808246e+03
7.932304904383309374e-01 8.824322838084199248e+03
8.055752339605007917e-01 8.816645411456520378e+03
8.181120940168480349e-01 8.808965962689533626e+03
8.308440604437090649e-01 8.801297800434109377e+03
8.437741696070975017e-01 8.793622010259186936e+03
8.569055051268347212e-01 8.785946265639655394e+03
8.702411986119411580e-01 8.778276116861545233e+03
8.837844304074734536e-01 8.770595401991964536e+03
8.975384303529854169e-01 8.762927328050438518e+03
9.115064785527915436e-01 8.755247509106378857e+03
9.256919061582187247e-01 8.747576306990091325e+03
9.400980961620289955e-01 8.739893971733163198e+03
9.547284842052161657e-01 8.732221642602240536e+03
9.695865593963383100e-01 8.724539901518042825e+03
9.846758651436209320e-01 8.716860155131435022e+03
1.000000000000000000e+00 8.709181315885725780e+03
